trial_id,sim_cordel_id,sim_topic_id,sim_rater_id,cordel_id,topic_id,rater_id,intrusion
0,0,1,0,4,39,260,1
0,0,4,0,0,41,260,1
0,0,12,0,5,22,260,1
0,0,15,0,3,30,260,1
0,0,22,0,3,21,260,0
0,0,23,0,5,45,260,1
0,0,29,0,2,40,260,1
0,0,31,0,2,28,260,0
0,0,33,0,3,4,260,0
0,0,35,0,3,9,260,1
0,0,38,0,5,15,260,0
0,0,40,0,0,45,260,1
0,0,41,0,0,1,260,0
0,0,43,0,3,44,260,1
0,0,44,0,5,48,260,0
0,0,47,0,2,43,260,0
0,0,49,0,2,35,260,1
0,1,50,0,5,1,260,1
0,1,55,0,1,11,260,1
0,1,56,0,3,25,260,1
0,1,57,0,0,47,260,1
0,1,58,0,5,10,260,1
0,1,60,0,4,31,260,1
0,1,61,0,4,41,260,1
0,1,65,0,2,43,260,0
0,1,74,0,4,10,260,1
0,1,83,0,1,43,260,1
0,1,84,0,4,16,260,1
0,1,85,0,3,5,260,1
0,1,88,0,5,28,260,0
0,1,90,0,1,22,260,1
0,1,91,0,5,14,260,1
0,1,93,0,0,12,260,1
0,1,94,0,0,12,260,1
0,1,95,0,3,3,260,0
0,1,96,0,3,8,260,0
0,1,97,0,2,42,260,1
0,1,98,0,5,17,260,0
0,0,0,1,1,41,124,1
0,0,2,1,5,38,124,0
0,0,9,1,1,21,124,1
0,0,12,1,5,22,124,1
0,0,15,1,3,30,124,0
0,0,17,1,1,22,124,1
0,0,18,1,5,4,124,1
0,0,19,1,0,17,124,0
0,0,20,1,3,15,124,1
0,0,21,1,5,10,124,1
0,0,27,1,2,36,124,1
0,0,28,1,5,43,124,0
0,0,31,1,2,28,124,0
0,0,36,1,1,11,124,1
0,0,40,1,0,45,124,0
0,0,41,1,0,1,124,1
0,0,42,1,3,12,124,1
0,0,43,1,3,44,124,0
0,0,46,1,0,32,124,0
0,0,49,1,2,35,124,1
0,1,52,1,1,33,124,1
0,1,57,1,0,47,124,1
0,1,58,1,5,10,124,1
0,1,59,1,2,39,124,1
0,1,60,1,4,31,124,1
0,1,67,1,0,31,124,1
0,1,69,1,3,10,124,1
0,1,72,1,4,22,124,0
0,1,75,1,3,12,124,1
0,1,76,1,4,25,124,1
0,1,78,1,5,22,124,1
0,1,79,1,0,30,124,1
0,1,80,1,1,32,124,1
0,1,83,1,1,43,124,0
0,1,85,1,3,5,124,1
0,1,88,1,5,28,124,1
0,1,93,1,0,12,124,1
0,1,95,1,3,3,124,1
0,0,0,2,1,41,223,1
0,0,2,2,5,38,223,1
0,0,3,2,1,30,223,0
0,0,4,2,0,41,223,0
0,0,7,2,3,24,223,1
0,0,10,2,2,13,223,1
0,0,11,2,2,3,223,0
0,0,12,2,5,22,223,1
0,0,16,2,4,47,223,1
0,0,17,2,1,22,223,0
0,0,21,2,5,10,223,1
0,0,23,2,5,45,223,1
0,0,25,2,3,8,223,1
0,0,26,2,2,10,223,0
0,0,27,2,2,36,223,1
0,0,28,2,5,43,223,0
0,0,34,2,1,3,223,1
0,0,36,2,1,11,223,1
0,0,48,2,3,29,223,1
0,0,49,2,2,35,223,1
0,1,52,2,1,33,223,1
0,1,54,2,2,25,223,1
0,1,55,2,1,11,223,1
0,1,63,2,4,24,223,1
0,1,64,2,4,29,223,1
0,1,70,2,1,42,223,1
0,1,71,2,0,29,223,1
0,1,72,2,4,22,223,1
0,1,73,2,2,44,223,1
0,1,74,2,4,10,223,1
0,1,79,2,0,30,223,0
0,1,80,2,1,32,223,1
0,1,83,2,1,43,223,1
0,1,86,2,0,27,223,1
0,1,87,2,1,17,223,0
0,1,89,2,3,41,223,1
0,1,94,2,0,12,223,1
0,1,99,2,5,37,223,1
0,0,1,3,4,39,115,1
0,0,2,3,5,38,115,1
0,0,4,3,0,41,115,1
0,0,6,3,1,18,115,0
0,0,7,3,3,24,115,1
0,0,8,3,4,9,115,1
0,0,12,3,5,22,115,1
0,0,14,3,0,24,115,1
0,0,15,3,3,30,115,0
0,0,16,3,4,47,115,1
0,0,20,3,3,15,115,1
0,0,24,3,0,20,115,0
0,0,25,3,3,8,115,0
0,0,26,3,2,10,115,1
0,0,31,3,2,28,115,0
0,0,32,3,3,27,115,1
0,0,41,3,0,1,115,1
0,0,43,3,3,44,115,1
0,0,45,3,1,14,115,1
0,0,47,3,2,43,115,1
0,1,51,3,3,0,115,1
0,1,56,3,3,25,115,1
0,1,57,3,0,47,115,1
0,1,58,3,5,10,115,1
0,1,59,3,2,39,115,1
0,1,61,3,4,41,115,1
0,1,70,3,1,42,115,1
0,1,71,3,0,29,115,1
0,1,72,3,4,22,115,1
0,1,76,3,4,25,115,1
0,1,77,3,3,36,115,1
0,1,80,3,1,32,115,1
0,1,81,3,0,8,115,0
0,1,82,3,5,21,115,0
0,1,87,3,1,17,115,1
0,1,88,3,5,28,115,1
0,1,94,3,0,12,115,1
0,1,96,3,3,8,115,1
0,0,0,4,1,41,95,1
0,0,14,4,0,24,95,1
0,0,15,4,3,30,95,1
0,0,19,4,0,17,95,1
0,0,20,4,3,15,95,1
0,0,25,4,3,8,95,1
0,0,29,4,2,40,95,1
0,0,31,4,2,28,95,0
0,0,34,4,1,3,95,0
0,0,35,4,3,9,95,1
0,0,38,4,5,15,95,0
0,0,41,4,0,1,95,1
0,0,43,4,3,44,95,1
0,0,49,4,2,35,95,1
0,1,50,4,5,1,95,1
0,1,51,4,3,0,95,1
0,1,52,4,1,33,95,1
0,1,54,4,2,25,95,1
0,1,55,4,1,11,95,1
0,1,60,4,4,31,95,1
0,1,62,4,4,5,95,1
0,1,67,4,0,31,95,1
0,1,68,4,3,16,95,1
0,1,70,4,1,42,95,0
0,1,72,4,4,22,95,0
0,1,79,4,0,30,95,1
0,1,80,4,1,32,95,1
0,1,83,4,1,43,95,1
0,1,84,4,4,16,95,0
0,1,85,4,3,5,95,1
0,1,89,4,3,41,95,1
0,1,90,4,1,22,95,1
0,1,91,4,5,14,95,1
0,1,93,4,0,12,95,1
0,1,94,4,0,12,95,1
0,1,97,4,2,42,95,1
0,1,98,4,5,17,95,1
0,1,99,4,5,37,95,1
0,0,1,5,4,39,245,1
0,0,3,5,1,30,245,0
0,0,4,5,0,41,245,0
0,0,5,5,0,17,245,1
0,0,8,5,4,9,245,0
0,0,10,5,2,13,245,1
0,0,11,5,2,3,245,1
0,0,12,5,5,22,245,0
0,0,13,5,1,48,245,0
0,0,14,5,0,24,245,1
0,0,15,5,3,30,245,1
0,0,16,5,4,47,245,1
0,0,20,5,3,15,245,1
0,0,26,5,2,10,245,1
0,0,30,5,1,32,245,1
0,0,32,5,3,27,245,1
0,0,38,5,5,15,245,0
0,0,40,5,0,45,245,1
0,0,41,5,0,1,245,1
0,0,44,5,5,48,245,0
0,1,53,5,0,8,245,0
0,1,63,5,4,24,245,1
0,1,66,5,5,32,245,1
0,1,67,5,0,31,245,1
0,1,71,5,0,29,245,1
0,1,74,5,4,10,245,0
0,1,75,5,3,12,245,1
0,1,76,5,4,25,245,1
0,1,77,5,3,36,245,1
0,1,78,5,5,22,245,1
0,1,79,5,0,30,245,1
0,1,81,5,0,8,245,0
0,1,82,5,5,21,245,1
0,1,83,5,1,43,245,1
0,1,84,5,4,16,245,1
0,1,91,5,5,14,245,0
0,1,94,5,0,12,245,1
0,1,95,5,3,3,245,0
0,0,0,6,1,41,252,0
0,0,1,6,4,39,252,1
0,0,2,6,5,38,252,0
0,0,5,6,0,17,252,1
0,0,8,6,4,9,252,0
0,0,9,6,1,21,252,0
0,0,12,6,5,22,252,1
0,0,13,6,1,48,252,0
0,0,14,6,0,24,252,1
0,0,17,6,1,22,252,1
0,0,19,6,0,17,252,1
0,0,26,6,2,10,252,0
0,0,27,6,2,36,252,1
0,0,28,6,5,43,252,0
0,0,31,6,2,28,252,0
0,0,33,6,3,4,252,0
0,0,34,6,1,3,252,0
0,0,36,6,1,11,252,1
0,0,38,6,5,15,252,0
0,0,41,6,0,1,252,1
0,0,47,6,2,43,252,1
0,0,49,6,2,35,252,0
0,1,51,6,3,0,252,0
0,1,53,6,0,8,252,1
0,1,59,6,2,39,252,1
0,1,61,6,4,41,252,1
0,1,63,6,4,24,252,1
0,1,64,6,4,29,252,0
0,1,66,6,5,32,252,1
0,1,70,6,1,42,252,1
0,1,71,6,0,29,252,1
0,1,72,6,4,22,252,1
0,1,73,6,2,44,252,0
0,1,76,6,4,25,252,1
0,1,78,6,5,22,252,0
0,1,88,6,5,28,252,0
0,1,89,6,3,41,252,1
0,1,97,6,2,42,252,1
0,0,0,7,1,41,94,1
0,0,2,7,5,38,94,1
0,0,3,7,1,30,94,1
0,0,6,7,1,18,94,1
0,0,7,7,3,24,94,1
0,0,9,7,1,21,94,0
0,0,14,7,0,24,94,1
0,0,16,7,4,47,94,1
0,0,18,7,5,4,94,1
0,0,20,7,3,15,94,1
0,0,22,7,3,21,94,1
0,0,24,7,0,20,94,1
0,0,26,7,2,10,94,0
0,0,31,7,2,28,94,0
0,0,32,7,3,27,94,1
0,0,38,7,5,15,94,0
0,0,40,7,0,45,94,1
0,0,42,7,3,12,94,1
0,0,44,7,5,48,94,0
0,0,46,7,0,32,94,1
0,0,49,7,2,35,94,1
0,1,50,7,5,1,94,1
0,1,53,7,0,8,94,0
0,1,56,7,3,25,94,1
0,1,57,7,0,47,94,1
0,1,58,7,5,10,94,1
0,1,60,7,4,31,94,1
0,1,61,7,4,41,94,1
0,1,65,7,2,43,94,1
0,1,71,7,0,29,94,1
0,1,72,7,4,22,94,1
0,1,73,7,2,44,94,0
0,1,74,7,4,10,94,0
0,1,75,7,3,12,94,1
0,1,79,7,0,30,94,0
0,1,90,7,1,22,94,1
0,1,92,7,2,4,94,0
0,1,99,7,5,37,94,1
0,0,2,8,5,38,160,0
0,0,3,8,1,30,160,0
0,0,5,8,0,17,160,0
0,0,7,8,3,24,160,1
0,0,8,8,4,9,160,0
0,0,11,8,2,3,160,1
0,0,12,8,5,22,160,1
0,0,14,8,0,24,160,1
0,0,17,8,1,22,160,1
0,0,20,8,3,15,160,1
0,0,23,8,5,45,160,1
0,0,27,8,2,36,160,1
0,0,28,8,5,43,160,0
0,0,30,8,1,32,160,1
0,0,37,8,0,39,160,1
0,0,40,8,0,45,160,0
0,0,44,8,5,48,160,0
0,0,47,8,2,43,160,1
0,1,50,8,5,1,160,0
0,1,51,8,3,0,160,0
0,1,52,8,1,33,160,1
0,1,53,8,0,8,160,0
0,1,54,8,2,25,160,1
0,1,57,8,0,47,160,1
0,1,58,8,5,10,160,1
0,1,68,8,3,16,160,1
0,1,71,8,0,29,160,1
0,1,76,8,4,25,160,1
0,1,77,8,3,36,160,1
0,1,79,8,0,30,160,0
0,1,82,8,5,21,160,1
0,1,83,8,1,43,160,0
0,1,84,8,4,16,160,0
0,1,88,8,5,28,160,0
0,1,90,8,1,22,160,1
0,1,93,8,0,12,160,0
0,1,98,8,5,17,160,0
0,1,99,8,5,37,160,1
0,0,2,9,5,38,254,0
0,0,3,9,1,30,254,0
0,0,4,9,0,41,254,0
0,0,5,9,0,17,254,1
0,0,6,9,1,18,254,1
0,0,7,9,3,24,254,1
0,0,9,9,1,21,254,0
0,0,15,9,3,30,254,0
0,0,16,9,4,47,254,1
0,0,19,9,0,17,254,1
0,0,22,9,3,21,254,0
0,0,23,9,5,45,254,1
0,0,28,9,5,43,254,1
0,0,29,9,2,40,254,1
0,0,31,9,2,28,254,0
0,0,34,9,1,3,254,1
0,0,38,9,5,15,254,0
0,0,41,9,0,1,254,0
0,0,42,9,3,12,254,1
0,0,43,9,3,44,254,1
0,1,50,9,5,1,254,1
0,1,52,9,1,33,254,1
0,1,53,9,0,8,254,0
0,1,60,9,4,31,254,1
0,1,61,9,4,41,254,1
0,1,62,9,4,5,254,0
0,1,67,9,0,31,254,1
0,1,69,9,3,10,254,1
0,1,71,9,0,29,254,0
0,1,75,9,3,12,254,1
0,1,76,9,4,25,254,0
0,1,78,9,5,22,254,1
0,1,83,9,1,43,254,1
0,1,84,9,4,16,254,1
0,1,87,9,1,17,254,0
0,1,89,9,3,41,254,0
0,1,90,9,1,22,254,0
0,1,97,9,2,42,254,0
0,0,0,10,1,41,114,1
0,0,4,10,0,41,114,1
0,0,7,10,3,24,114,1
0,0,11,10,2,3,114,1
0,0,14,10,0,24,114,1
0,0,15,10,3,30,114,1
0,0,16,10,4,47,114,0
0,0,17,10,1,22,114,0
0,0,19,10,0,17,114,1
0,0,20,10,3,15,114,0
0,0,21,10,5,10,114,1
0,0,28,10,5,43,114,1
0,0,30,10,1,32,114,1
0,0,33,10,3,4,114,1
0,0,36,10,1,11,114,1
0,0,37,10,0,39,114,1
0,0,43,10,3,44,114,0
0,0,44,10,5,48,114,0
0,0,45,10,1,14,114,1
0,0,47,10,2,43,114,1
0,0,48,10,3,29,114,1
0,1,50,10,5,1,114,1
0,1,53,10,0,8,114,1
0,1,54,10,2,25,114,1
0,1,56,10,3,25,114,1
0,1,58,10,5,10,114,1
0,1,61,10,4,41,114,1
0,1,68,10,3,16,114,1
0,1,71,10,0,29,114,1
0,1,79,10,0,30,114,1
0,1,81,10,0,8,114,0
0,1,82,10,5,21,114,1
0,1,89,10,3,41,114,1
0,1,90,10,1,22,114,1
0,1,93,10,0,12,114,1
0,1,95,10,3,3,114,0
0,1,96,10,3,8,114,0
0,1,99,10,5,37,114,1
0,0,1,11,4,39,229,0
0,0,2,11,5,38,229,1
0,0,3,11,1,30,229,1
0,0,5,11,0,17,229,1
0,0,8,11,4,9,229,1
0,0,14,11,0,24,229,0
0,0,15,11,3,30,229,1
0,0,19,11,0,17,229,0
0,0,20,11,3,15,229,1
0,0,27,11,2,36,229,1
0,0,33,11,3,4,229,1
0,0,36,11,1,11,229,0
0,0,39,11,5,42,229,0
0,0,40,11,0,45,229,0
0,0,41,11,0,1,229,1
0,0,43,11,3,44,229,1
0,0,44,11,5,48,229,0
0,0,49,11,2,35,229,1
0,1,54,11,2,25,229,1
0,1,57,11,0,47,229,1
0,1,59,11,2,39,229,1
0,1,61,11,4,41,229,1
0,1,62,11,4,5,229,1
0,1,64,11,4,29,229,0
0,1,70,11,1,42,229,0
0,1,71,11,0,29,229,0
0,1,72,11,4,22,229,1
0,1,74,11,4,10,229,0
0,1,75,11,3,12,229,1
0,1,77,11,3,36,229,1
0,1,83,11,1,43,229,1
0,1,84,11,4,16,229,1
0,1,85,11,3,5,229,1
0,1,86,11,0,27,229,0
0,1,88,11,5,28,229,0
0,1,95,11,3,3,229,0
0,1,96,11,3,8,229,1
0,1,98,11,5,17,229,0
0,0,0,12,1,41,113,1
0,0,3,12,1,30,113,1
0,0,12,12,5,22,113,1
0,0,17,12,1,22,113,1
0,0,18,12,5,4,113,1
0,0,19,12,0,17,113,1
0,0,22,12,3,21,113,1
0,0,24,12,0,20,113,0
0,0,26,12,2,10,113,1
0,0,28,12,5,43,113,0
0,0,34,12,1,3,113,1
0,0,35,12,3,9,113,1
0,0,41,12,0,1,113,0
0,0,42,12,3,12,113,1
0,0,44,12,5,48,113,1
0,0,45,12,1,14,113,1
0,0,46,12,0,32,113,0
0,0,48,12,3,29,113,1
0,1,51,12,3,0,113,1
0,1,56,12,3,25,113,1
0,1,57,12,0,47,113,1
0,1,59,12,2,39,113,1
0,1,61,12,4,41,113,1
0,1,62,12,4,5,113,1
0,1,64,12,4,29,113,0
0,1,68,12,3,16,113,1
0,1,70,12,1,42,113,1
0,1,76,12,4,25,113,1
0,1,78,12,5,22,113,1
0,1,80,12,1,32,113,1
0,1,81,12,0,8,113,1
0,1,83,12,1,43,113,1
0,1,84,12,4,16,113,0
0,1,88,12,5,28,113,0
0,1,90,12,1,22,113,1
0,1,96,12,3,8,113,1
0,1,97,12,2,42,113,0
0,1,98,12,5,17,113,1
0,0,2,13,5,38,133,0
0,0,3,13,1,30,133,1
0,0,9,13,1,21,133,0
0,0,12,13,5,22,133,0
0,0,13,13,1,48,133,1
0,0,14,13,0,24,133,1
0,0,17,13,1,22,133,1
0,0,20,13,3,15,133,1
0,0,21,13,5,10,133,1
0,0,22,13,3,21,133,0
0,0,23,13,5,45,133,1
0,0,29,13,2,40,133,1
0,0,30,13,1,32,133,1
0,0,31,13,2,28,133,0
0,0,33,13,3,4,133,1
0,0,36,13,1,11,133,1
0,0,37,13,0,39,133,1
0,0,42,13,3,12,133,1
0,0,45,13,1,14,133,1
0,1,50,13,5,1,133,1
0,1,53,13,0,8,133,1
0,1,59,13,2,39,133,1
0,1,61,13,4,41,133,1
0,1,62,13,4,5,133,1
0,1,63,13,4,24,133,1
0,1,66,13,5,32,133,1
0,1,67,13,0,31,133,1
0,1,69,13,3,10,133,1
0,1,71,13,0,29,133,1
0,1,72,13,4,22,133,1
0,1,73,13,2,44,133,1
0,1,77,13,3,36,133,1
0,1,79,13,0,30,133,1
0,1,82,13,5,21,133,1
0,1,87,13,1,17,133,1
0,1,88,13,5,28,133,0
0,1,93,13,0,12,133,1
0,1,99,13,5,37,133,1
0,0,1,14,4,39,50,0
0,0,3,14,1,30,50,1
0,0,5,14,0,17,50,0
0,0,7,14,3,24,50,1
0,0,14,14,0,24,50,0
0,0,15,14,3,30,50,1
0,0,16,14,4,47,50,1
0,0,20,14,3,15,50,1
0,0,22,14,3,21,50,0
0,0,26,14,2,10,50,0
0,0,33,14,3,4,50,1
0,0,39,14,5,42,50,1
0,0,40,14,0,45,50,1
0,0,41,14,0,1,50,1
0,0,43,14,3,44,50,1
0,0,45,14,1,14,50,1
0,0,47,14,2,43,50,1
0,1,55,14,1,11,50,1
0,1,58,14,5,10,50,0
0,1,61,14,4,41,50,1
0,1,62,14,4,5,50,1
0,1,67,14,0,31,50,1
0,1,69,14,3,10,50,1
0,1,72,14,4,22,50,1
0,1,73,14,2,44,50,1
0,1,74,14,4,10,50,0
0,1,75,14,3,12,50,1
0,1,76,14,4,25,50,1
0,1,80,14,1,32,50,1
0,1,81,14,0,8,50,1
0,1,83,14,1,43,50,0
0,1,84,14,4,16,50,0
0,1,86,14,0,27,50,0
0,1,87,14,1,17,50,1
0,1,89,14,3,41,50,1
0,1,92,14,2,4,50,1
0,1,94,14,0,12,50,1
0,1,97,14,2,42,50,1
0,0,0,15,1,41,64,1
0,0,1,15,4,39,64,1
0,0,3,15,1,30,64,0
0,0,4,15,0,41,64,1
0,0,8,15,4,9,64,1
0,0,10,15,2,13,64,1
0,0,11,15,2,3,64,1
0,0,12,15,5,22,64,1
0,0,16,15,4,47,64,1
0,0,18,15,5,4,64,1
0,0,22,15,3,21,64,1
0,0,23,15,5,45,64,1
0,0,27,15,2,36,64,1
0,0,28,15,5,43,64,0
0,0,29,15,2,40,64,1
0,0,32,15,3,27,64,1
0,0,33,15,3,4,64,1
0,0,35,15,3,9,64,1
0,0,36,15,1,11,64,1
0,0,40,15,0,45,64,1
0,0,41,15,0,1,64,1
0,0,42,15,3,12,64,0
0,0,45,15,1,14,64,1
0,0,49,15,2,35,64,1
0,1,50,15,5,1,64,1
0,1,51,15,3,0,64,1
0,1,54,15,2,25,64,1
0,1,59,15,2,39,64,1
0,1,64,15,4,29,64,0
0,1,67,15,0,31,64,1
0,1,76,15,4,25,64,0
0,1,77,15,3,36,64,1
0,1,78,15,5,22,64,1
0,1,79,15,0,30,64,0
0,1,80,15,1,32,64,1
0,1,82,15,5,21,64,0
0,1,88,15,5,28,64,0
0,1,99,15,5,37,64,1
0,0,1,16,4,39,152,0
0,0,2,16,5,38,152,0
0,0,4,16,0,41,152,0
0,0,5,16,0,17,152,0
0,0,7,16,3,24,152,1
0,0,14,16,0,24,152,1
0,0,18,16,5,4,152,1
0,0,20,16,3,15,152,0
0,0,25,16,3,8,152,0
0,0,26,16,2,10,152,0
0,0,27,16,2,36,152,1
0,0,28,16,5,43,152,0
0,0,30,16,1,32,152,1
0,0,34,16,1,3,152,0
0,0,36,16,1,11,152,0
0,0,39,16,5,42,152,0
0,0,40,16,0,45,152,0
0,0,41,16,0,1,152,0
0,0,42,16,3,12,152,1
0,0,43,16,3,44,152,1
0,0,45,16,1,14,152,0
0,0,46,16,0,32,152,0
0,0,47,16,2,43,152,0
0,0,48,16,3,29,152,1
0,1,54,16,2,25,152,1
0,1,59,16,2,39,152,0
0,1,61,16,4,41,152,1
0,1,62,16,4,5,152,0
0,1,63,16,4,24,152,0
0,1,65,16,2,43,152,0
0,1,66,16,5,32,152,1
0,1,74,16,4,10,152,0
0,1,76,16,4,25,152,1
0,1,81,16,0,8,152,0
0,1,85,16,3,5,152,1
0,1,87,16,1,17,152,0
0,1,90,16,1,22,152,0
0,1,99,16,5,37,152,0
0,0,6,17,1,18,166,0
0,0,11,17,2,3,166,1
0,0,12,17,5,22,166,1
0,0,14,17,0,24,166,1
0,0,20,17,3,15,166,0
0,0,23,17,5,45,166,1
0,0,24,17,0,20,166,0
0,0,25,17,3,8,166,1
0,0,26,17,2,10,166,1
0,0,27,17,2,36,166,1
0,0,33,17,3,4,166,1
0,0,34,17,1,3,166,0
0,0,36,17,1,11,166,1
0,0,37,17,0,39,166,1
0,0,40,17,0,45,166,1
0,0,41,17,0,1,166,1
0,0,42,17,3,12,166,1
0,0,43,17,3,44,166,1
0,0,44,17,5,48,166,1
0,1,52,17,1,33,166,1
0,1,53,17,0,8,166,1
0,1,55,17,1,11,166,1
0,1,56,17,3,25,166,1
0,1,59,17,2,39,166,1
0,1,61,17,4,41,166,1
0,1,62,17,4,5,166,1
0,1,68,17,3,16,166,1
0,1,69,17,3,10,166,1
0,1,71,17,0,29,166,1
0,1,72,17,4,22,166,1
0,1,75,17,3,12,166,0
0,1,77,17,3,36,166,1
0,1,86,17,0,27,166,1
0,1,88,17,5,28,166,0
0,1,89,17,3,41,166,0
0,1,92,17,2,4,166,0
0,1,94,17,0,12,166,1
0,1,96,17,3,8,166,1
0,0,0,18,1,41,280,1
0,0,6,18,1,18,280,0
0,0,7,18,3,24,280,1
0,0,8,18,4,9,280,0
0,0,14,18,0,24,280,1
0,0,15,18,3,30,280,1
0,0,18,18,5,4,280,1
0,0,22,18,3,21,280,0
0,0,24,18,0,20,280,0
0,0,25,18,3,8,280,1
0,0,26,18,2,10,280,1
0,0,28,18,5,43,280,1
0,0,29,18,2,40,280,1
0,0,31,18,2,28,280,0
0,0,34,18,1,3,280,1
0,0,40,18,0,45,280,0
0,0,41,18,0,1,280,0
0,0,43,18,3,44,280,1
0,0,45,18,1,14,280,1
0,0,47,18,2,43,280,1
0,1,52,18,1,33,280,1
0,1,58,18,5,10,280,1
0,1,60,18,4,31,280,1
0,1,61,18,4,41,280,1
0,1,63,18,4,24,280,1
0,1,64,18,4,29,280,0
0,1,65,18,2,43,280,1
0,1,66,18,5,32,280,1
0,1,69,18,3,10,280,1
0,1,70,18,1,42,280,0
0,1,74,18,4,10,280,0
0,1,85,18,3,5,280,1
0,1,87,18,1,17,280,1
0,1,88,18,5,28,280,1
0,1,91,18,5,14,280,1
0,1,92,18,2,4,280,0
0,1,93,18,0,12,280,1
0,1,96,18,3,8,280,0
0,0,0,19,1,41,169,1
0,0,3,19,1,30,169,1
0,0,5,19,0,17,169,0
0,0,15,19,3,30,169,1
0,0,16,19,4,47,169,1
0,0,17,19,1,22,169,1
0,0,22,19,3,21,169,1
0,0,25,19,3,8,169,1
0,0,26,19,2,10,169,0
0,0,28,19,5,43,169,0
0,0,29,19,2,40,169,1
0,0,32,19,3,27,169,1
0,0,36,19,1,11,169,1
0,0,37,19,0,39,169,1
0,0,49,19,2,35,169,1
0,1,50,19,5,1,169,1
0,1,51,19,3,0,169,0
0,1,52,19,1,33,169,1
0,1,56,19,3,25,169,1
0,1,59,19,2,39,169,1
0,1,60,19,4,31,169,1
0,1,65,19,2,43,169,1
0,1,66,19,5,32,169,1
0,1,67,19,0,31,169,1
0,1,68,19,3,16,169,1
0,1,71,19,0,29,169,0
0,1,72,19,4,22,169,0
0,1,74,19,4,10,169,1
0,1,75,19,3,12,169,1
0,1,76,19,4,25,169,1
0,1,77,19,3,36,169,1
0,1,81,19,0,8,169,0
0,1,84,19,4,16,169,1
0,1,87,19,1,17,169,1
0,1,90,19,1,22,169,1
0,1,94,19,0,12,169,1
0,1,96,19,3,8,169,1
0,1,98,19,5,17,169,1
0,0,0,20,1,41,105,1
0,0,1,20,4,39,105,1
0,0,2,20,5,38,105,0
0,0,4,20,0,41,105,1
0,0,5,20,0,17,105,1
0,0,6,20,1,18,105,0
0,0,11,20,2,3,105,1
0,0,12,20,5,22,105,1
0,0,14,20,0,24,105,1
0,0,16,20,4,47,105,1
0,0,20,20,3,15,105,1
0,0,21,20,5,10,105,1
0,0,22,20,3,21,105,0
0,0,23,20,5,45,105,0
0,0,24,20,0,20,105,1
0,0,29,20,2,40,105,1
0,0,30,20,1,32,105,1
0,0,32,20,3,27,105,1
0,0,36,20,1,11,105,1
0,0,37,20,0,39,105,1
0,0,39,20,5,42,105,1
0,0,41,20,0,1,105,1
0,0,42,20,3,12,105,1
0,0,44,20,5,48,105,1
0,1,51,20,3,0,105,1
0,1,52,20,1,33,105,1
0,1,56,20,3,25,105,0
0,1,62,20,4,5,105,1
0,1,65,20,2,43,105,1
0,1,70,20,1,42,105,0
0,1,75,20,3,12,105,1
0,1,84,20,4,16,105,1
0,1,85,20,3,5,105,1
0,1,86,20,0,27,105,0
0,1,94,20,0,12,105,0
0,1,95,20,3,3,105,1
0,1,98,20,5,17,105,1
0,1,99,20,5,37,105,1
0,0,3,21,1,30,275,1
0,0,4,21,0,41,275,0
0,0,11,21,2,3,275,1
0,0,12,21,5,22,275,1
0,0,28,21,5,43,275,1
0,0,29,21,2,40,275,1
0,0,32,21,3,27,275,1
0,0,34,21,1,3,275,0
0,0,36,21,1,11,275,1
0,0,38,21,5,15,275,0
0,0,40,21,0,45,275,1
0,0,41,21,0,1,275,0
0,0,44,21,5,48,275,1
0,0,45,21,1,14,275,1
0,0,49,21,2,35,275,1
0,1,52,21,1,33,275,1
0,1,53,21,0,8,275,1
0,1,56,21,3,25,275,1
0,1,59,21,2,39,275,1
0,1,61,21,4,41,275,1
0,1,64,21,4,29,275,1
0,1,67,21,0,31,275,1
0,1,68,21,3,16,275,1
0,1,70,21,1,42,275,0
0,1,73,21,2,44,275,1
0,1,76,21,4,25,275,1
0,1,77,21,3,36,275,1
0,1,79,21,0,30,275,0
0,1,81,21,0,8,275,1
0,1,82,21,5,21,275,1
0,1,83,21,1,43,275,0
0,1,85,21,3,5,275,1
0,1,87,21,1,17,275,1
0,1,90,21,1,22,275,1
0,1,92,21,2,4,275,0
0,1,93,21,0,12,275,1
0,1,95,21,3,3,275,0
0,1,96,21,3,8,275,1
0,0,0,22,1,41,296,1
0,0,2,22,5,38,296,1
0,0,3,22,1,30,296,0
0,0,7,22,3,24,296,1
0,0,9,22,1,21,296,1
0,0,10,22,2,13,296,1
0,0,13,22,1,48,296,1
0,0,14,22,0,24,296,1
0,0,17,22,1,22,296,1
0,0,20,22,3,15,296,1
0,0,30,22,1,32,296,1
0,0,32,22,3,27,296,1
0,0,33,22,3,4,296,0
0,0,34,22,1,3,296,1
0,0,37,22,0,39,296,0
0,0,40,22,0,45,296,1
0,0,43,22,3,44,296,1
0,0,48,22,3,29,296,1
0,0,49,22,2,35,296,1
0,1,50,22,5,1,296,1
0,1,51,22,3,0,296,0
0,1,52,22,1,33,296,1
0,1,54,22,2,25,296,1
0,1,55,22,1,11,296,1
0,1,62,22,4,5,296,0
0,1,64,22,4,29,296,0
0,1,69,22,3,10,296,0
0,1,74,22,4,10,296,0
0,1,77,22,3,36,296,1
0,1,79,22,0,30,296,0
0,1,80,22,1,32,296,1
0,1,82,22,5,21,296,1
0,1,83,22,1,43,296,1
0,1,89,22,3,41,296,0
0,1,92,22,2,4,296,1
0,1,94,22,0,12,296,1
0,1,96,22,3,8,296,1
0,1,97,22,2,42,296,1
0,0,3,23,1,30,276,1
0,0,4,23,0,41,276,1
0,0,14,23,0,24,276,1
0,0,15,23,3,30,276,1
0,0,16,23,4,47,276,1
0,0,18,23,5,4,276,0
0,0,20,23,3,15,276,1
0,0,24,23,0,20,276,1
0,0,28,23,5,43,276,0
0,0,30,23,1,32,276,1
0,0,32,23,3,27,276,1
0,0,34,23,1,3,276,0
0,0,35,23,3,9,276,1
0,0,41,23,0,1,276,1
0,0,44,23,5,48,276,1
0,0,47,23,2,43,276,1
0,1,50,23,5,1,276,1
0,1,51,23,3,0,276,1
0,1,55,23,1,11,276,1
0,1,58,23,5,10,276,0
0,1,61,23,4,41,276,1
0,1,62,23,4,5,276,1
0,1,64,23,4,29,276,1
0,1,66,23,5,32,276,1
0,1,67,23,0,31,276,1
0,1,68,23,3,16,276,1
0,1,69,23,3,10,276,1
0,1,71,23,0,29,276,1
0,1,74,23,4,10,276,0
0,1,75,23,3,12,276,1
0,1,76,23,4,25,276,1
0,1,77,23,3,36,276,1
0,1,82,23,5,21,276,1
0,1,84,23,4,16,276,1
0,1,85,23,3,5,276,0
0,1,86,23,0,27,276,0
0,1,92,23,2,4,276,0
0,1,93,23,0,12,276,1
0,0,0,24,1,41,62,1
0,0,1,24,4,39,62,1
0,0,2,24,5,38,62,0
0,0,8,24,4,9,62,1
0,0,13,24,1,48,62,0
0,0,14,24,0,24,62,1
0,0,19,24,0,17,62,1
0,0,20,24,3,15,62,1
0,0,22,24,3,21,62,0
0,0,26,24,2,10,62,0
0,0,29,24,2,40,62,1
0,0,30,24,1,32,62,0
0,0,33,24,3,4,62,1
0,0,34,24,1,3,62,0
0,0,37,24,0,39,62,1
0,0,38,24,5,15,62,1
0,0,40,24,0,45,62,1
0,0,44,24,5,48,62,1
0,0,48,24,3,29,62,1
0,1,50,24,5,1,62,1
0,1,52,24,1,33,62,1
0,1,55,24,1,11,62,1
0,1,57,24,0,47,62,1
0,1,60,24,4,31,62,0
0,1,67,24,0,31,62,1
0,1,68,24,3,16,62,1
0,1,72,24,4,22,62,1
0,1,74,24,4,10,62,0
0,1,76,24,4,25,62,1
0,1,78,24,5,22,62,1
0,1,80,24,1,32,62,1
0,1,85,24,3,5,62,0
0,1,88,24,5,28,62,0
0,1,89,24,3,41,62,1
0,1,93,24,0,12,62,1
0,1,95,24,3,3,62,1
0,1,98,24,5,17,62,1
0,1,99,24,5,37,62,1
0,0,7,25,3,24,7,1
0,0,9,25,1,21,7,1
0,0,10,25,2,13,7,1
0,0,14,25,0,24,7,1
0,0,20,25,3,15,7,1
0,0,22,25,3,21,7,0
0,0,27,25,2,36,7,1
0,0,29,25,2,40,7,1
0,0,31,25,2,28,7,0
0,0,32,25,3,27,7,1
0,0,34,25,1,3,7,0
0,0,36,25,1,11,7,1
0,0,38,25,5,15,7,1
0,0,41,25,0,1,7,1
0,0,45,25,1,14,7,1
0,0,46,25,0,32,7,1
0,1,51,25,3,0,7,1
0,1,57,25,0,47,7,1
0,1,58,25,5,10,7,1
0,1,60,25,4,31,7,1
0,1,65,25,2,43,7,1
0,1,67,25,0,31,7,1
0,1,70,25,1,42,7,0
0,1,71,25,0,29,7,1
0,1,72,25,4,22,7,1
0,1,73,25,2,44,7,0
0,1,74,25,4,10,7,0
0,1,76,25,4,25,7,0
0,1,77,25,3,36,7,1
0,1,80,25,1,32,7,1
0,1,82,25,5,21,7,1
0,1,83,25,1,43,7,1
0,1,86,25,0,27,7,0
0,1,91,25,5,14,7,1
0,1,93,25,0,12,7,1
0,1,96,25,3,8,7,0
0,1,98,25,5,17,7,1
0,1,99,25,5,37,7,1
0,0,0,26,1,41,229,1
0,0,3,26,1,30,229,0
0,0,8,26,4,9,229,0
0,0,11,26,2,3,229,1
0,0,13,26,1,48,229,0
0,0,16,26,4,47,229,1
0,0,17,26,1,22,229,1
0,0,25,26,3,8,229,1
0,0,26,26,2,10,229,0
0,0,28,26,5,43,229,0
0,0,29,26,2,40,229,1
0,0,30,26,1,32,229,1
0,0,32,26,3,27,229,1
0,0,33,26,3,4,229,0
0,0,34,26,1,3,229,1
0,0,36,26,1,11,229,1
0,0,44,26,5,48,229,0
0,0,45,26,1,14,229,1
0,0,47,26,2,43,229,0
0,0,49,26,2,35,229,0
0,1,51,26,3,0,229,0
0,1,52,26,1,33,229,1
0,1,54,26,2,25,229,1
0,1,59,26,2,39,229,1
0,1,63,26,4,24,229,1
0,1,68,26,3,16,229,1
0,1,72,26,4,22,229,1
0,1,73,26,2,44,229,1
0,1,74,26,4,10,229,0
0,1,76,26,4,25,229,1
0,1,77,26,3,36,229,1
0,1,80,26,1,32,229,1
0,1,83,26,1,43,229,1
0,1,84,26,4,16,229,1
0,1,85,26,3,5,229,1
0,1,86,26,0,27,229,0
0,1,90,26,1,22,229,1
0,1,99,26,5,37,229,1
0,0,3,27,1,30,120,0
0,0,7,27,3,24,120,1
0,0,8,27,4,9,120,0
0,0,9,27,1,21,120,0
0,0,12,27,5,22,120,1
0,0,18,27,5,4,120,1
0,0,19,27,0,17,120,1
0,0,24,27,0,20,120,0
0,0,27,27,2,36,120,1
0,0,29,27,2,40,120,1
0,0,32,27,3,27,120,1
0,0,34,27,1,3,120,1
0,0,35,27,3,9,120,1
0,0,37,27,0,39,120,1
0,0,41,27,0,1,120,0
0,0,43,27,3,44,120,1
0,0,44,27,5,48,120,1
0,0,45,27,1,14,120,1
0,0,47,27,2,43,120,0
0,1,52,27,1,33,120,1
0,1,53,27,0,8,120,0
0,1,54,27,2,25,120,1
0,1,60,27,4,31,120,1
0,1,61,27,4,41,120,0
0,1,62,27,4,5,120,0
0,1,64,27,4,29,120,0
0,1,68,27,3,16,120,1
0,1,72,27,4,22,120,0
0,1,73,27,2,44,120,0
0,1,77,27,3,36,120,1
0,1,78,27,5,22,120,1
0,1,81,27,0,8,120,1
0,1,86,27,0,27,120,0
0,1,88,27,5,28,120,1
0,1,90,27,1,22,120,1
0,1,91,27,5,14,120,1
0,1,97,27,2,42,120,1
0,1,99,27,5,37,120,1
0,0,3,28,1,30,154,0
0,0,5,28,0,17,154,0
0,0,8,28,4,9,154,0
0,0,14,28,0,24,154,1
0,0,15,28,3,30,154,1
0,0,17,28,1,22,154,1
0,0,18,28,5,4,154,1
0,0,19,28,0,17,154,1
0,0,20,28,3,15,154,1
0,0,26,28,2,10,154,1
0,0,29,28,2,40,154,1
0,0,30,28,1,32,154,1
0,0,31,28,2,28,154,0
0,0,36,28,1,11,154,1
0,0,39,28,5,42,154,1
0,0,40,28,0,45,154,1
0,1,50,28,5,1,154,1
0,1,51,28,3,0,154,0
0,1,53,28,0,8,154,1
0,1,58,28,5,10,154,1
0,1,59,28,2,39,154,1
0,1,60,28,4,31,154,0
0,1,64,28,4,29,154,1
0,1,66,28,5,32,154,1
0,1,69,28,3,10,154,0
0,1,73,28,2,44,154,0
0,1,74,28,4,10,154,0
0,1,77,28,3,36,154,1
0,1,78,28,5,22,154,1
0,1,80,28,1,32,154,1
0,1,82,28,5,21,154,0
0,1,84,28,4,16,154,0
0,1,85,28,3,5,154,1
0,1,89,28,3,41,154,1
0,1,90,28,1,22,154,1
0,1,93,28,0,12,154,1
0,1,95,28,3,3,154,1
0,1,99,28,5,37,154,0
0,0,2,29,5,38,147,0
0,0,4,29,0,41,147,1
0,0,5,29,0,17,147,1
0,0,7,29,3,24,147,1
0,0,12,29,5,22,147,1
0,0,14,29,0,24,147,1
0,0,18,29,5,4,147,1
0,0,20,29,3,15,147,1
0,0,23,29,5,45,147,1
0,0,26,29,2,10,147,0
0,0,27,29,2,36,147,1
0,0,30,29,1,32,147,1
0,0,34,29,1,3,147,1
0,0,36,29,1,11,147,1
0,0,37,29,0,39,147,1
0,0,39,29,5,42,147,1
0,0,41,29,0,1,147,0
0,0,43,29,3,44,147,1
0,0,45,29,1,14,147,1
0,0,49,29,2,35,147,0
0,1,51,29,3,0,147,0
0,1,52,29,1,33,147,0
0,1,56,29,3,25,147,1
0,1,59,29,2,39,147,1
0,1,60,29,4,31,147,0
0,1,63,29,4,24,147,1
0,1,65,29,2,43,147,1
0,1,66,29,5,32,147,1
0,1,67,29,0,31,147,1
0,1,68,29,3,16,147,1
0,1,72,29,4,22,147,1
0,1,73,29,2,44,147,0
0,1,74,29,4,10,147,1
0,1,85,29,3,5,147,0
0,1,88,29,5,28,147,1
0,1,89,29,3,41,147,1
0,1,92,29,2,4,147,1
0,1,98,29,5,17,147,1
0,0,0,30,1,41,226,1
0,0,1,30,4,39,226,1
0,0,6,30,1,18,226,1
0,0,8,30,4,9,226,0
0,0,11,30,2,3,226,1
0,0,12,30,5,22,226,0
0,0,13,30,1,48,226,1
0,0,14,30,0,24,226,1
0,0,19,30,0,17,226,1
0,0,26,30,2,10,226,0
0,0,29,30,2,40,226,1
0,0,32,30,3,27,226,1
0,0,35,30,3,9,226,1
0,0,39,30,5,42,226,1
0,0,40,30,0,45,226,0
0,0,42,30,3,12,226,1
0,0,43,30,3,44,226,0
0,0,44,30,5,48,226,0
0,0,45,30,1,14,226,1
0,0,46,30,0,32,226,1
0,0,47,30,2,43,226,1
0,0,48,30,3,29,226,1
0,1,50,30,5,1,226,1
0,1,53,30,0,8,226,0
0,1,57,30,0,47,226,1
0,1,65,30,2,43,226,1
0,1,66,30,5,32,226,1
0,1,70,30,1,42,226,1
0,1,74,30,4,10,226,1
0,1,75,30,3,12,226,1
0,1,78,30,5,22,226,1
0,1,83,30,1,43,226,1
0,1,84,30,4,16,226,1
0,1,87,30,1,17,226,0
0,1,91,30,5,14,226,0
0,1,92,30,2,4,226,0
0,1,98,30,5,17,226,0
0,1,99,30,5,37,226,1
0,0,1,31,4,39,303,1
0,0,2,31,5,38,303,0
0,0,4,31,0,41,303,1
0,0,5,31,0,17,303,1
0,0,10,31,2,13,303,1
0,0,11,31,2,3,303,1
0,0,15,31,3,30,303,0
0,0,20,31,3,15,303,1
0,0,22,31,3,21,303,0
0,0,24,31,0,20,303,0
0,0,29,31,2,40,303,0
0,0,33,31,3,4,303,0
0,0,35,31,3,9,303,1
0,0,36,31,1,11,303,1
0,0,40,31,0,45,303,1
0,0,41,31,0,1,303,1
0,0,43,31,3,44,303,1
0,0,49,31,2,35,303,1
0,1,51,31,3,0,303,1
0,1,52,31,1,33,303,1
0,1,53,31,0,8,303,0
0,1,61,31,4,41,303,1
0,1,64,31,4,29,303,1
0,1,65,31,2,43,303,1
0,1,67,31,0,31,303,1
0,1,69,31,3,10,303,0
0,1,70,31,1,42,303,1
0,1,73,31,2,44,303,1
0,1,74,31,4,10,303,1
0,1,77,31,3,36,303,1
0,1,81,31,0,8,303,1
0,1,83,31,1,43,303,0
0,1,87,31,1,17,303,1
0,1,88,31,5,28,303,0
0,1,90,31,1,22,303,1
0,1,92,31,2,4,303,0
0,1,96,31,3,8,303,1
0,1,98,31,5,17,303,1
0,0,0,32,1,41,247,1
0,0,2,32,5,38,247,0
0,0,4,32,0,41,247,1
0,0,8,32,4,9,247,1
0,0,9,32,1,21,247,0
0,0,12,32,5,22,247,1
0,0,14,32,0,24,247,1
0,0,19,32,0,17,247,0
0,0,22,32,3,21,247,1
0,0,25,32,3,8,247,1
0,0,33,32,3,4,247,1
0,0,34,32,1,3,247,0
0,0,35,32,3,9,247,0
0,0,38,32,5,15,247,1
0,0,42,32,3,12,247,1
0,0,45,32,1,14,247,1
0,0,46,32,0,32,247,0
0,1,50,32,5,1,247,1
0,1,51,32,3,0,247,0
0,1,54,32,2,25,247,1
0,1,57,32,0,47,247,1
0,1,59,32,2,39,247,1
0,1,60,32,4,31,247,0
0,1,61,32,4,41,247,1
0,1,62,32,4,5,247,0
0,1,63,32,4,24,247,1
0,1,66,32,5,32,247,1
0,1,68,32,3,16,247,1
0,1,69,32,3,10,247,0
0,1,76,32,4,25,247,0
0,1,77,32,3,36,247,0
0,1,82,32,5,21,247,0
0,1,83,32,1,43,247,1
0,1,84,32,4,16,247,0
0,1,85,32,3,5,247,1
0,1,90,32,1,22,247,0
0,1,91,32,5,14,247,0
0,1,99,32,5,37,247,1
0,0,0,33,1,41,107,1
0,0,5,33,0,17,107,1
0,0,7,33,3,24,107,1
0,0,8,33,4,9,107,1
0,0,11,33,2,3,107,0
0,0,13,33,1,48,107,1
0,0,14,33,0,24,107,1
0,0,15,33,3,30,107,1
0,0,16,33,4,47,107,1
0,0,21,33,5,10,107,1
0,0,23,33,5,45,107,1
0,0,24,33,0,20,107,1
0,0,26,33,2,10,107,1
0,0,29,33,2,40,107,1
0,0,33,33,3,4,107,0
0,0,35,33,3,9,107,1
0,0,37,33,0,39,107,1
0,0,43,33,3,44,107,1
0,0,46,33,0,32,107,1
0,0,47,33,2,43,107,1
0,0,48,33,3,29,107,1
0,1,55,33,1,11,107,1
0,1,58,33,5,10,107,0
0,1,63,33,4,24,107,1
0,1,67,33,0,31,107,1
0,1,68,33,3,16,107,1
0,1,69,33,3,10,107,1
0,1,70,33,1,42,107,0
0,1,71,33,0,29,107,1
0,1,72,33,4,22,107,1
0,1,73,33,2,44,107,0
0,1,78,33,5,22,107,1
0,1,81,33,0,8,107,1
0,1,82,33,5,21,107,1
0,1,86,33,0,27,107,0
0,1,88,33,5,28,107,1
0,1,93,33,0,12,107,1
0,1,97,33,2,42,107,1
0,0,0,34,1,41,191,1
0,0,2,34,5,38,191,1
0,0,6,34,1,18,191,0
0,0,13,34,1,48,191,1
0,0,14,34,0,24,191,1
0,0,15,34,3,30,191,1
0,0,17,34,1,22,191,1
0,0,18,34,5,4,191,1
0,0,21,34,5,10,191,1
0,0,23,34,5,45,191,1
0,0,25,34,3,8,191,0
0,0,26,34,2,10,191,0
0,0,31,34,2,28,191,0
0,0,32,34,3,27,191,1
0,0,34,34,1,3,191,0
0,0,36,34,1,11,191,1
0,0,37,34,0,39,191,1
0,0,45,34,1,14,191,1
0,0,49,34,2,35,191,1
0,1,50,34,5,1,191,1
0,1,57,34,0,47,191,0
0,1,60,34,4,31,191,1
0,1,61,34,4,41,191,1
0,1,62,34,4,5,191,0
0,1,66,34,5,32,191,1
0,1,67,34,0,31,191,1
0,1,68,34,3,16,191,1
0,1,72,34,4,22,191,1
0,1,77,34,3,36,191,1
0,1,79,34,0,30,191,0
0,1,80,34,1,32,191,1
0,1,81,34,0,8,191,0
0,1,84,34,4,16,191,1
0,1,86,34,0,27,191,0
0,1,88,34,5,28,191,0
0,1,91,34,5,14,191,0
0,1,95,34,3,3,191,0
0,1,97,34,2,42,191,1
0,0,4,35,0,41,195,0
0,0,8,35,4,9,195,0
0,0,10,35,2,13,195,0
0,0,13,35,1,48,195,0
0,0,14,35,0,24,195,1
0,0,17,35,1,22,195,1
0,0,18,35,5,4,195,1
0,0,19,35,0,17,195,0
0,0,20,35,3,15,195,1
0,0,21,35,5,10,195,0
0,0,22,35,3,21,195,0
0,0,23,35,5,45,195,1
0,0,29,35,2,40,195,1
0,0,32,35,3,27,195,1
0,0,36,35,1,11,195,0
0,0,38,35,5,15,195,1
0,0,39,35,5,42,195,0
0,0,42,35,3,12,195,0
0,0,43,35,3,44,195,1
0,0,45,35,1,14,195,1
0,0,46,35,0,32,195,0
0,1,50,35,5,1,195,1
0,1,52,35,1,33,195,1
0,1,55,35,1,11,195,1
0,1,59,35,2,39,195,1
0,1,62,35,4,5,195,1
0,1,65,35,2,43,195,0
0,1,67,35,0,31,195,1
0,1,74,35,4,10,195,1
0,1,85,35,3,5,195,1
0,1,86,35,0,27,195,0
0,1,87,35,1,17,195,1
0,1,88,35,5,28,195,0
0,1,89,35,3,41,195,1
0,1,91,35,5,14,195,0
0,1,92,35,2,4,195,1
0,1,93,35,0,12,195,1
0,1,95,35,3,3,195,0
0,0,0,36,1,41,30,1
0,0,1,36,4,39,30,0
0,0,10,36,2,13,30,0
0,0,22,36,3,21,30,1
0,0,28,36,5,43,30,0
0,0,29,36,2,40,30,1
0,0,31,36,2,28,30,0
0,0,38,36,5,15,30,0
0,0,39,36,5,42,30,1
0,0,41,36,0,1,30,1
0,0,42,36,3,12,30,0
0,0,46,36,0,32,30,1
0,0,47,36,2,43,30,0
0,0,48,36,3,29,30,1
0,0,49,36,2,35,30,0
0,1,54,36,2,25,30,0
0,1,55,36,1,11,30,1
0,1,56,36,3,25,30,1
0,1,58,36,5,10,30,1
0,1,61,36,4,41,30,1
0,1,62,36,4,5,30,1
0,1,64,36,4,29,30,0
0,1,66,36,5,32,30,1
0,1,69,36,3,10,30,0
0,1,70,36,1,42,30,0
0,1,74,36,4,10,30,1
0,1,77,36,3,36,30,1
0,1,80,36,1,32,30,1
0,1,81,36,0,8,30,0
0,1,86,36,0,27,30,0
0,1,87,36,1,17,30,1
0,1,88,36,5,28,30,0
0,1,90,36,1,22,30,1
0,1,91,36,5,14,30,0
0,1,93,36,0,12,30,1
0,1,94,36,0,12,30,0
0,1,96,36,3,8,30,1
0,1,99,36,5,37,30,1
0,0,3,37,1,30,122,1
0,0,8,37,4,9,122,1
0,0,9,37,1,21,122,1
0,0,10,37,2,13,122,1
0,0,12,37,5,22,122,1
0,0,16,37,4,47,122,1
0,0,17,37,1,22,122,1
0,0,19,37,0,17,122,1
0,0,26,37,2,10,122,1
0,0,27,37,2,36,122,1
0,0,33,37,3,4,122,0
0,0,34,37,1,3,122,1
0,0,36,37,1,11,122,1
0,0,37,37,0,39,122,1
0,0,38,37,5,15,122,1
0,0,43,37,3,44,122,1
0,1,51,37,3,0,122,1
0,1,53,37,0,8,122,1
0,1,55,37,1,11,122,1
0,1,56,37,3,25,122,1
0,1,57,37,0,47,122,1
0,1,59,37,2,39,122,1
0,1,61,37,4,41,122,1
0,1,65,37,2,43,122,1
0,1,67,37,0,31,122,1
0,1,70,37,1,42,122,0
0,1,71,37,0,29,122,1
0,1,73,37,2,44,122,1
0,1,75,37,3,12,122,1
0,1,76,37,4,25,122,1
0,1,81,37,0,8,122,1
0,1,82,37,5,21,122,1
0,1,84,37,4,16,122,1
0,1,87,37,1,17,122,0
0,1,88,37,5,28,122,1
0,1,89,37,3,41,122,1
0,1,91,37,5,14,122,1
0,1,95,37,3,3,122,1
0,0,4,38,0,41,22,1
0,0,5,38,0,17,22,1
0,0,6,38,1,18,22,1
0,0,9,38,1,21,22,0
0,0,12,38,5,22,22,1
0,0,19,38,0,17,22,1
0,0,20,38,3,15,22,1
0,0,22,38,3,21,22,0
0,0,25,38,3,8,22,1
0,0,27,38,2,36,22,1
0,0,28,38,5,43,22,0
0,0,30,38,1,32,22,1
0,0,32,38,3,27,22,1
0,0,34,38,1,3,22,1
0,0,35,38,3,9,22,1
0,0,37,38,0,39,22,1
0,0,43,38,3,44,22,1
0,0,47,38,2,43,22,0
0,0,49,38,2,35,22,1
0,1,50,38,5,1,22,1
0,1,52,38,1,33,22,1
0,1,53,38,0,8,22,1
0,1,58,38,5,10,22,0
0,1,62,38,4,5,22,1
0,1,63,38,4,24,22,1
0,1,64,38,4,29,22,1
0,1,66,38,5,32,22,0
0,1,68,38,3,16,22,1
0,1,69,38,3,10,22,0
0,1,74,38,4,10,22,0
0,1,75,38,3,12,22,1
0,1,76,38,4,25,22,1
0,1,84,38,4,16,22,0
0,1,90,38,1,22,22,1
0,1,91,38,5,14,22,1
0,1,95,38,3,3,22,1
0,1,98,38,5,17,22,1
0,1,99,38,5,37,22,1
0,0,2,39,5,38,212,1
0,0,5,39,0,17,212,1
0,0,7,39,3,24,212,0
0,0,8,39,4,9,212,1
0,0,10,39,2,13,212,1
0,0,14,39,0,24,212,1
0,0,15,39,3,30,212,1
0,0,16,39,4,47,212,1
0,0,24,39,0,20,212,0
0,0,25,39,3,8,212,1
0,0,26,39,2,10,212,1
0,0,28,39,5,43,212,0
0,0,33,39,3,4,212,0
0,0,34,39,1,3,212,1
0,0,37,39,0,39,212,0
0,0,40,39,0,45,212,0
0,0,44,39,5,48,212,1
0,0,46,39,0,32,212,0
0,0,47,39,2,43,212,1
0,0,48,39,3,29,212,1
0,0,49,39,2,35,212,1
0,1,50,39,5,1,212,1
0,1,54,39,2,25,212,1
0,1,58,39,5,10,212,1
0,1,59,39,2,39,212,1
0,1,60,39,4,31,212,1
0,1,67,39,0,31,212,1
0,1,70,39,1,42,212,0
0,1,71,39,0,29,212,1
0,1,73,39,2,44,212,0
0,1,80,39,1,32,212,0
0,1,85,39,3,5,212,1
0,1,87,39,1,17,212,0
0,1,94,39,0,12,212,1
0,1,95,39,3,3,212,1
0,1,97,39,2,42,212,0
0,1,98,39,5,17,212,1
0,1,99,39,5,37,212,0
0,0,3,40,1,30,289,1
0,0,10,40,2,13,289,1
0,0,18,40,5,4,289,1
0,0,19,40,0,17,289,0
0,0,20,40,3,15,289,1
0,0,23,40,5,45,289,1
0,0,25,40,3,8,289,1
0,0,27,40,2,36,289,1
0,0,29,40,2,40,289,1
0,0,31,40,2,28,289,0
0,0,39,40,5,42,289,1
0,0,40,40,0,45,289,1
0,0,42,40,3,12,289,1
0,0,44,40,5,48,289,0
0,0,46,40,0,32,289,1
0,0,47,40,2,43,289,1
0,0,49,40,2,35,289,1
0,1,50,40,5,1,289,1
0,1,52,40,1,33,289,0
0,1,53,40,0,8,289,1
0,1,57,40,0,47,289,1
0,1,62,40,4,5,289,1
0,1,63,40,4,24,289,1
0,1,69,40,3,10,289,1
0,1,70,40,1,42,289,1
0,1,72,40,4,22,289,1
0,1,74,40,4,10,289,0
0,1,75,40,3,12,289,1
0,1,76,40,4,25,289,1
0,1,77,40,3,36,289,1
0,1,82,40,5,21,289,0
0,1,83,40,1,43,289,0
0,1,86,40,0,27,289,0
0,1,91,40,5,14,289,1
0,1,93,40,0,12,289,0
0,1,94,40,0,12,289,1
0,1,95,40,3,3,289,0
0,1,97,40,2,42,289,1
0,0,3,41,1,30,140,1
0,0,6,41,1,18,140,0
0,0,7,41,3,24,140,1
0,0,10,41,2,13,140,1
0,0,13,41,1,48,140,0
0,0,14,41,0,24,140,1
0,0,17,41,1,22,140,1
0,0,19,41,0,17,140,1
0,0,27,41,2,36,140,1
0,0,30,41,1,32,140,1
0,0,36,41,1,11,140,1
0,0,38,41,5,15,140,1
0,0,39,41,5,42,140,1
0,0,41,41,0,1,140,1
0,0,42,41,3,12,140,1
0,0,44,41,5,48,140,1
0,0,45,41,1,14,140,0
0,0,46,41,0,32,140,1
0,0,48,41,3,29,140,1
0,0,49,41,2,35,140,1
0,1,50,41,5,1,140,1
0,1,53,41,0,8,140,1
0,1,55,41,1,11,140,1
0,1,59,41,2,39,140,1
0,1,61,41,4,41,140,1
0,1,67,41,0,31,140,1
0,1,68,41,3,16,140,1
0,1,70,41,1,42,140,1
0,1,71,41,0,29,140,1
0,1,72,41,4,22,140,0
0,1,76,41,4,25,140,1
0,1,79,41,0,30,140,1
0,1,81,41,0,8,140,1
0,1,88,41,5,28,140,0
0,1,89,41,3,41,140,1
0,1,90,41,1,22,140,1
0,1,96,41,3,8,140,1
0,1,99,41,5,37,140,1
0,0,1,42,4,39,301,1
0,0,3,42,1,30,301,0
0,0,9,42,1,21,301,1
0,0,12,42,5,22,301,1
0,0,16,42,4,47,301,1
0,0,19,42,0,17,301,1
0,0,21,42,5,10,301,1
0,0,24,42,0,20,301,0
0,0,26,42,2,10,301,1
0,0,27,42,2,36,301,1
0,0,29,42,2,40,301,1
0,0,31,42,2,28,301,0
0,0,32,42,3,27,301,1
0,0,34,42,1,3,301,1
0,0,36,42,1,11,301,1
0,0,37,42,0,39,301,1
0,0,38,42,5,15,301,0
0,0,44,42,5,48,301,1
0,0,45,42,1,14,301,1
0,1,52,42,1,33,301,1
0,1,55,42,1,11,301,1
0,1,58,42,5,10,301,1
0,1,60,42,4,31,301,1
0,1,63,42,4,24,301,1
0,1,64,42,4,29,301,0
0,1,70,42,1,42,301,1
0,1,71,42,0,29,301,1
0,1,74,42,4,10,301,0
0,1,76,42,4,25,301,1
0,1,78,42,5,22,301,1
0,1,81,42,0,8,301,1
0,1,82,42,5,21,301,1
0,1,84,42,4,16,301,1
0,1,85,42,3,5,301,1
0,1,87,42,1,17,301,1
0,1,93,42,0,12,301,1
0,1,95,42,3,3,301,0
0,1,97,42,2,42,301,1
0,0,0,43,1,41,224,1
0,0,1,43,4,39,224,1
0,0,3,43,1,30,224,1
0,0,7,43,3,24,224,1
0,0,8,43,4,9,224,1
0,0,12,43,5,22,224,1
0,0,15,43,3,30,224,1
0,0,16,43,4,47,224,1
0,0,17,43,1,22,224,1
0,0,18,43,5,4,224,0
0,0,20,43,3,15,224,1
0,0,25,43,3,8,224,1
0,0,27,43,2,36,224,1
0,0,28,43,5,43,224,1
0,0,32,43,3,27,224,1
0,0,33,43,3,4,224,1
0,0,34,43,1,3,224,0
0,0,38,43,5,15,224,1
0,0,42,43,3,12,224,1
0,0,43,43,3,44,224,1
0,0,45,43,1,14,224,1
0,0,46,43,0,32,224,0
0,1,62,43,4,5,224,1
0,1,65,43,2,43,224,1
0,1,66,43,5,32,224,1
0,1,67,43,0,31,224,1
0,1,68,43,3,16,224,1
0,1,76,43,4,25,224,1
0,1,79,43,0,30,224,1
0,1,80,43,1,32,224,1
0,1,83,43,1,43,224,0
0,1,85,43,3,5,224,1
0,1,86,43,0,27,224,0
0,1,87,43,1,17,224,0
0,1,89,43,3,41,224,1
0,1,91,43,5,14,224,0
0,1,93,43,0,12,224,1
0,1,97,43,2,42,224,1
0,0,7,44,3,24,141,1
0,0,8,44,4,9,141,0
0,0,10,44,2,13,141,1
0,0,14,44,0,24,141,1
0,0,18,44,5,4,141,1
0,0,25,44,3,8,141,1
0,0,27,44,2,36,141,1
0,0,28,44,5,43,141,0
0,0,29,44,2,40,141,1
0,0,30,44,1,32,141,1
0,0,31,44,2,28,141,0
0,0,35,44,3,9,141,1
0,0,36,44,1,11,141,0
0,0,37,44,0,39,141,1
0,0,40,44,0,45,141,1
0,0,43,44,3,44,141,1
0,0,44,44,5,48,141,1
0,0,47,44,2,43,141,0
0,1,51,44,3,0,141,1
0,1,58,44,5,10,141,1
0,1,61,44,4,41,141,0
0,1,63,44,4,24,141,1
0,1,66,44,5,32,141,1
0,1,67,44,0,31,141,1
0,1,71,44,0,29,141,1
0,1,74,44,4,10,141,0
0,1,75,44,3,12,141,1
0,1,76,44,4,25,141,0
0,1,77,44,3,36,141,1
0,1,79,44,0,30,141,1
0,1,80,44,1,32,141,1
0,1,81,44,0,8,141,1
0,1,82,44,5,21,141,1
0,1,83,44,1,43,141,0
0,1,86,44,0,27,141,0
0,1,92,44,2,4,141,0
0,1,97,44,2,42,141,1
0,1,99,44,5,37,141,1
0,0,4,45,0,41,149,1
0,0,5,45,0,17,149,1
0,0,8,45,4,9,149,0
0,0,9,45,1,21,149,1
0,0,10,45,2,13,149,0
0,0,12,45,5,22,149,1
0,0,14,45,0,24,149,1
0,0,15,45,3,30,149,1
0,0,17,45,1,22,149,1
0,0,18,45,5,4,149,0
0,0,22,45,3,21,149,0
0,0,23,45,5,45,149,1
0,0,28,45,5,43,149,1
0,0,31,45,2,28,149,0
0,0,35,45,3,9,149,1
0,0,37,45,0,39,149,1
0,0,43,45,3,44,149,1
0,0,47,45,2,43,149,1
0,0,48,45,3,29,149,1
0,1,50,45,5,1,149,1
0,1,54,45,2,25,149,1
0,1,61,45,4,41,149,1
0,1,63,45,4,24,149,1
0,1,68,45,3,16,149,1
0,1,69,45,3,10,149,1
0,1,71,45,0,29,149,1
0,1,74,45,4,10,149,1
0,1,75,45,3,12,149,1
0,1,80,45,1,32,149,1
0,1,82,45,5,21,149,1
0,1,84,45,4,16,149,1
0,1,85,45,3,5,149,1
0,1,88,45,5,28,149,1
0,1,90,45,1,22,149,0
0,1,92,45,2,4,149,0
0,1,94,45,0,12,149,1
0,1,95,45,3,3,149,1
0,1,99,45,5,37,149,1
0,0,8,46,4,9,314,0
0,0,10,46,2,13,314,1
0,0,11,46,2,3,314,0
0,0,13,46,1,48,314,1
0,0,16,46,4,47,314,1
0,0,17,46,1,22,314,1
0,0,22,46,3,21,314,1
0,0,26,46,2,10,314,1
0,0,27,46,2,36,314,1
0,0,28,46,5,43,314,0
0,0,29,46,2,40,314,1
0,0,34,46,1,3,314,1
0,0,36,46,1,11,314,1
0,0,37,46,0,39,314,0
0,0,42,46,3,12,314,0
0,0,47,46,2,43,314,0
0,0,48,46,3,29,314,1
0,1,51,46,3,0,314,0
0,1,52,46,1,33,314,1
0,1,55,46,1,11,314,1
0,1,57,46,0,47,314,1
0,1,58,46,5,10,314,1
0,1,60,46,4,31,314,1
0,1,61,46,4,41,314,1
0,1,63,46,4,24,314,1
0,1,68,46,3,16,314,1
0,1,69,46,3,10,314,1
0,1,70,46,1,42,314,1
0,1,72,46,4,22,314,1
0,1,73,46,2,44,314,0
0,1,75,46,3,12,314,1
0,1,78,46,5,22,314,1
0,1,80,46,1,32,314,1
0,1,86,46,0,27,314,0
0,1,87,46,1,17,314,1
0,1,88,46,5,28,314,1
0,1,94,46,0,12,314,1
0,1,95,46,3,3,314,0
0,0,0,47,1,41,193,1
0,0,1,47,4,39,193,1
0,0,7,47,3,24,193,1
0,0,8,47,4,9,193,0
0,0,9,47,1,21,193,1
0,0,12,47,5,22,193,1
0,0,13,47,1,48,193,1
0,0,15,47,3,30,193,1
0,0,16,47,4,47,193,1
0,0,18,47,5,4,193,0
0,0,19,47,0,17,193,0
0,0,26,47,2,10,193,1
0,0,29,47,2,40,193,1
0,0,32,47,3,27,193,1
0,0,33,47,3,4,193,1
0,0,35,47,3,9,193,1
0,0,38,47,5,15,193,0
0,0,41,47,0,1,193,1
0,0,43,47,3,44,193,1
0,0,44,47,5,48,193,1
0,0,45,47,1,14,193,1
0,0,46,47,0,32,193,0
0,0,48,47,3,29,193,1
0,0,49,47,2,35,193,1
0,1,50,47,5,1,193,0
0,1,52,47,1,33,193,1
0,1,56,47,3,25,193,1
0,1,58,47,5,10,193,1
0,1,59,47,2,39,193,1
0,1,60,47,4,31,193,1
0,1,62,47,4,5,193,1
0,1,69,47,3,10,193,0
0,1,73,47,2,44,193,1
0,1,74,47,4,10,193,1
0,1,78,47,5,22,193,1
0,1,93,47,0,12,193,0
0,1,98,47,5,17,193,1
0,1,99,47,5,37,193,1
0,0,1,48,4,39,39,0
0,0,2,48,5,38,39,1
0,0,3,48,1,30,39,0
0,0,7,48,3,24,39,0
0,0,10,48,2,13,39,1
0,0,11,48,2,3,39,1
0,0,26,48,2,10,39,1
0,0,29,48,2,40,39,1
0,0,35,48,3,9,39,1
0,0,36,48,1,11,39,1
0,0,37,48,0,39,39,1
0,0,41,48,0,1,39,1
0,0,43,48,3,44,39,1
0,0,45,48,1,14,39,1
0,0,48,48,3,29,39,1
0,0,49,48,2,35,39,1
0,1,50,48,5,1,39,1
0,1,52,48,1,33,39,1
0,1,53,48,0,8,39,0
0,1,55,48,1,11,39,1
0,1,60,48,4,31,39,1
0,1,63,48,4,24,39,1
0,1,64,48,4,29,39,1
0,1,66,48,5,32,39,1
0,1,68,48,3,16,39,1
0,1,70,48,1,42,39,1
0,1,71,48,0,29,39,1
0,1,72,48,4,22,39,1
0,1,79,48,0,30,39,0
0,1,83,48,1,43,39,1
0,1,88,48,5,28,39,1
0,1,90,48,1,22,39,1
0,1,93,48,0,12,39,0
0,1,94,48,0,12,39,1
0,1,95,48,3,3,39,0
0,1,96,48,3,8,39,1
0,1,98,48,5,17,39,1
0,1,99,48,5,37,39,1
0,0,7,49,3,24,36,1
0,0,8,49,4,9,36,1
0,0,9,49,1,21,36,1
0,0,13,49,1,48,36,0
0,0,14,49,0,24,36,1
0,0,15,49,3,30,36,1
0,0,17,49,1,22,36,1
0,0,20,49,3,15,36,1
0,0,25,49,3,8,36,1
0,0,26,49,2,10,36,1
0,0,27,49,2,36,36,1
0,0,29,49,2,40,36,1
0,0,31,49,2,28,36,0
0,0,34,49,1,3,36,0
0,0,38,49,5,15,36,0
0,0,39,49,5,42,36,1
0,0,43,49,3,44,36,1
0,0,45,49,1,14,36,1
0,0,47,49,2,43,36,1
0,1,51,49,3,0,36,1
0,1,53,49,0,8,36,1
0,1,55,49,1,11,36,1
0,1,61,49,4,41,36,1
0,1,62,49,4,5,36,0
0,1,63,49,4,24,36,1
0,1,68,49,3,16,36,1
0,1,70,49,1,42,36,0
0,1,72,49,4,22,36,1
0,1,75,49,3,12,36,1
0,1,76,49,4,25,36,1
0,1,80,49,1,32,36,1
0,1,81,49,0,8,36,1
0,1,82,49,5,21,36,1
0,1,87,49,1,17,36,0
0,1,90,49,1,22,36,1
0,1,93,49,0,12,36,1
0,1,96,49,3,8,36,1
0,1,97,49,2,42,36,1
0,0,0,50,1,41,5,1
0,0,1,50,4,39,5,1
0,0,2,50,5,38,5,0
0,0,3,50,1,30,5,1
0,0,5,50,0,17,5,1
0,0,6,50,1,18,5,1
0,0,7,50,3,24,5,1
0,0,14,50,0,24,5,1
0,0,19,50,0,17,5,1
0,0,20,50,3,15,5,0
0,0,25,50,3,8,5,0
0,0,29,50,2,40,5,1
0,0,33,50,3,4,5,1
0,0,34,50,1,3,5,1
0,0,35,50,3,9,5,1
0,0,39,50,5,42,5,1
0,0,40,50,0,45,5,0
0,0,41,50,0,1,5,1
0,0,44,50,5,48,5,1
0,0,47,50,2,43,5,0
0,0,49,50,2,35,5,0
0,1,51,50,3,0,5,1
0,1,55,50,1,11,5,1
0,1,60,50,4,31,5,0
0,1,62,50,4,5,5,1
0,1,67,50,0,31,5,1
0,1,68,50,3,16,5,1
0,1,70,50,1,42,5,1
0,1,72,50,4,22,5,1
0,1,77,50,3,36,5,1
0,1,80,50,1,32,5,1
0,1,83,50,1,43,5,1
0,1,84,50,4,16,5,1
0,1,86,50,0,27,5,0
0,1,90,50,1,22,5,1
0,1,91,50,5,14,5,0
0,1,94,50,0,12,5,1
0,1,95,50,3,3,5,1
0,0,0,51,1,41,135,1
0,0,1,51,4,39,135,1
0,0,2,51,5,38,135,0
0,0,3,51,1,30,135,1
0,0,6,51,1,18,135,0
0,0,7,51,3,24,135,1
0,0,9,51,1,21,135,0
0,0,19,51,0,17,135,1
0,0,20,51,3,15,135,1
0,0,21,51,5,10,135,1
0,0,24,51,0,20,135,0
0,0,30,51,1,32,135,0
0,0,37,51,0,39,135,0
0,0,39,51,5,42,135,1
0,0,40,51,0,45,135,0
0,0,42,51,3,12,135,1
0,0,43,51,3,44,135,1
0,0,46,51,0,32,135,1
0,0,47,51,2,43,135,1
0,0,48,51,3,29,135,1
0,0,49,51,2,35,135,1
0,1,50,51,5,1,135,1
0,1,51,51,3,0,135,0
0,1,52,51,1,33,135,1
0,1,55,51,1,11,135,1
0,1,63,51,4,24,135,0
0,1,67,51,0,31,135,1
0,1,70,51,1,42,135,1
0,1,71,51,0,29,135,0
0,1,73,51,2,44,135,0
0,1,74,51,4,10,135,0
0,1,75,51,3,12,135,1
0,1,76,51,4,25,135,0
0,1,79,51,0,30,135,0
0,1,80,51,1,32,135,1
0,1,89,51,3,41,135,1
0,1,94,51,0,12,135,0
0,1,99,51,5,37,135,1
0,0,5,52,0,17,268,1
0,0,8,52,4,9,268,1
0,0,9,52,1,21,268,1
0,0,10,52,2,13,268,1
0,0,11,52,2,3,268,0
0,0,15,52,3,30,268,1
0,0,18,52,5,4,268,1
0,0,20,52,3,15,268,1
0,0,22,52,3,21,268,1
0,0,24,52,0,20,268,0
0,0,25,52,3,8,268,1
0,0,26,52,2,10,268,1
0,0,31,52,2,28,268,0
0,0,34,52,1,3,268,1
0,0,36,52,1,11,268,1
0,0,38,52,5,15,268,0
0,0,42,52,3,12,268,1
0,1,52,52,1,33,268,0
0,1,53,52,0,8,268,1
0,1,55,52,1,11,268,1
0,1,56,52,3,25,268,1
0,1,58,52,5,10,268,1
0,1,61,52,4,41,268,1
0,1,62,52,4,5,268,1
0,1,65,52,2,43,268,1
0,1,67,52,0,31,268,1
0,1,70,52,1,42,268,0
0,1,73,52,2,44,268,0
0,1,77,52,3,36,268,1
0,1,81,52,0,8,268,1
0,1,82,52,5,21,268,1
0,1,89,52,3,41,268,1
0,1,90,52,1,22,268,1
0,1,94,52,0,12,268,1
0,1,95,52,3,3,268,0
0,1,96,52,3,8,268,1
0,1,97,52,2,42,268,1
0,1,99,52,5,37,268,1
0,0,1,53,4,39,53,0
0,0,4,53,0,41,53,0
0,0,8,53,4,9,53,0
0,0,11,53,2,3,53,1
0,0,16,53,4,47,53,0
0,0,17,53,1,22,53,1
0,0,18,53,5,4,53,0
0,0,22,53,3,21,53,0
0,0,24,53,0,20,53,0
0,0,34,53,1,3,53,0
0,0,36,53,1,11,53,1
0,0,39,53,5,42,53,1
0,0,40,53,0,45,53,1
0,0,45,53,1,14,53,1
0,0,49,53,2,35,53,1
0,1,50,53,5,1,53,1
0,1,51,53,3,0,53,0
0,1,53,53,0,8,53,0
0,1,56,53,3,25,53,0
0,1,58,53,5,10,53,1
0,1,59,53,2,39,53,1
0,1,61,53,4,41,53,1
0,1,63,53,4,24,53,1
0,1,64,53,4,29,53,1
0,1,67,53,0,31,53,1
0,1,71,53,0,29,53,1
0,1,72,53,4,22,53,0
0,1,74,53,4,10,53,1
0,1,75,53,3,12,53,1
0,1,78,53,5,22,53,1
0,1,80,53,1,32,53,1
0,1,83,53,1,43,53,1
0,1,84,53,4,16,53,1
0,1,85,53,3,5,53,1
0,1,86,53,0,27,53,0
0,1,88,53,5,28,53,0
0,1,92,53,2,4,53,0
0,1,98,53,5,17,53,1
0,0,3,54,1,30,98,0
0,0,6,54,1,18,98,0
0,0,9,54,1,21,98,0
0,0,14,54,0,24,98,1
0,0,17,54,1,22,98,1
0,0,25,54,3,8,98,1
0,0,26,54,2,10,98,0
0,0,30,54,1,32,98,1
0,0,32,54,3,27,98,1
0,0,34,54,1,3,98,1
0,0,37,54,0,39,98,0
0,0,38,54,5,15,98,0
0,0,45,54,1,14,98,0
0,0,47,54,2,43,98,1
0,0,49,54,2,35,98,1
0,1,51,54,3,0,98,0
0,1,57,54,0,47,98,1
0,1,62,54,4,5,98,1
0,1,64,54,4,29,98,0
0,1,65,54,2,43,98,1
0,1,66,54,5,32,98,1
0,1,68,54,3,16,98,1
0,1,69,54,3,10,98,1
0,1,72,54,4,22,98,1
0,1,73,54,2,44,98,0
0,1,76,54,4,25,98,1
0,1,77,54,3,36,98,1
0,1,80,54,1,32,98,1
0,1,82,54,5,21,98,1
0,1,87,54,1,17,98,1
0,1,88,54,5,28,98,1
0,1,89,54,3,41,98,1
0,1,90,54,1,22,98,1
0,1,91,54,5,14,98,0
0,1,92,54,2,4,98,0
0,1,93,54,0,12,98,1
0,1,94,54,0,12,98,0
0,1,97,54,2,42,98,1
0,0,0,55,1,41,144,1
0,0,10,55,2,13,144,1
0,0,14,55,0,24,144,1
0,0,16,55,4,47,144,1
0,0,25,55,3,8,144,1
0,0,26,55,2,10,144,1
0,0,27,55,2,36,144,1
0,0,29,55,2,40,144,0
0,0,30,55,1,32,144,1
0,0,35,55,3,9,144,1
0,0,39,55,5,42,144,1
0,0,40,55,0,45,144,1
0,0,43,55,3,44,144,1
0,0,44,55,5,48,144,1
0,0,45,55,1,14,144,0
0,0,46,55,0,32,144,1
0,0,48,55,3,29,144,1
0,1,50,55,5,1,144,1
0,1,51,55,3,0,144,0
0,1,57,55,0,47,144,1
0,1,60,55,4,31,144,0
0,1,63,55,4,24,144,1
0,1,66,55,5,32,144,1
0,1,68,55,3,16,144,1
0,1,69,55,3,10,144,1
0,1,70,55,1,42,144,1
0,1,72,55,4,22,144,0
0,1,73,55,2,44,144,0
0,1,75,55,3,12,144,1
0,1,78,55,5,22,144,1
0,1,80,55,1,32,144,1
0,1,82,55,5,21,144,1
0,1,83,55,1,43,144,0
0,1,84,55,4,16,144,1
0,1,86,55,0,27,144,1
0,1,88,55,5,28,144,1
0,1,94,55,0,12,144,1
0,1,98,55,5,17,144,0
0,0,0,56,1,41,115,1
0,0,4,56,0,41,115,1
0,0,5,56,0,17,115,1
0,0,8,56,4,9,115,1
0,0,10,56,2,13,115,1
0,0,11,56,2,3,115,1
0,0,13,56,1,48,115,1
0,0,15,56,3,30,115,1
0,0,17,56,1,22,115,0
0,0,21,56,5,10,115,1
0,0,22,56,3,21,115,0
0,0,23,56,5,45,115,1
0,0,27,56,2,36,115,1
0,0,28,56,5,43,115,0
0,0,30,56,1,32,115,1
0,0,32,56,3,27,115,1
0,0,33,56,3,4,115,0
0,0,36,56,1,11,115,1
0,0,38,56,5,15,115,1
0,0,39,56,5,42,115,1
0,0,42,56,3,12,115,1
0,0,45,56,1,14,115,1
0,1,54,56,2,25,115,1
0,1,55,56,1,11,115,1
0,1,57,56,0,47,115,1
0,1,60,56,4,31,115,1
0,1,61,56,4,41,115,1
0,1,64,56,4,29,115,1
0,1,66,56,5,32,115,1
0,1,68,56,3,16,115,1
0,1,70,56,1,42,115,1
0,1,72,56,4,22,115,1
0,1,74,56,4,10,115,0
0,1,83,56,1,43,115,0
0,1,86,56,0,27,115,0
0,1,93,56,0,12,115,1
0,1,94,56,0,12,115,1
0,1,97,56,2,42,115,1
0,0,1,57,4,39,107,1
0,0,5,57,0,17,107,0
0,0,17,57,1,22,107,1
0,0,22,57,3,21,107,1
0,0,26,57,2,10,107,0
0,0,29,57,2,40,107,1
0,0,30,57,1,32,107,0
0,0,34,57,1,3,107,0
0,0,37,57,0,39,107,1
0,0,38,57,5,15,107,1
0,0,41,57,0,1,107,1
0,0,42,57,3,12,107,1
0,0,47,57,2,43,107,1
0,0,48,57,3,29,107,1
0,0,49,57,2,35,107,1
0,1,53,57,0,8,107,1
0,1,54,57,2,25,107,1
0,1,56,57,3,25,107,1
0,1,57,57,0,47,107,1
0,1,58,57,5,10,107,1
0,1,60,57,4,31,107,1
0,1,61,57,4,41,107,1
0,1,67,57,0,31,107,1
0,1,69,57,3,10,107,1
0,1,74,57,4,10,107,0
0,1,77,57,3,36,107,1
0,1,78,57,5,22,107,1
0,1,79,57,0,30,107,0
0,1,80,57,1,32,107,1
0,1,83,57,1,43,107,0
0,1,84,57,4,16,107,1
0,1,85,57,3,5,107,1
0,1,86,57,0,27,107,0
0,1,87,57,1,17,107,1
0,1,90,57,1,22,107,1
0,1,92,57,2,4,107,0
0,1,93,57,0,12,107,1
0,1,96,57,3,8,107,1
0,0,4,58,0,41,57,0
0,0,7,58,3,24,57,1
0,0,11,58,2,3,57,0
0,0,13,58,1,48,57,1
0,0,14,58,0,24,57,1
0,0,19,58,0,17,57,1
0,0,21,58,5,10,57,1
0,0,25,58,3,8,57,1
0,0,26,58,2,10,57,1
0,0,31,58,2,28,57,0
0,0,35,58,3,9,57,1
0,0,36,58,1,11,57,1
0,0,37,58,0,39,57,1
0,0,42,58,3,12,57,1
0,0,43,58,3,44,57,1
0,0,45,58,1,14,57,1
0,0,46,58,0,32,57,1
0,0,47,58,2,43,57,0
0,1,50,58,5,1,57,1
0,1,57,58,0,47,57,1
0,1,60,58,4,31,57,1
0,1,61,58,4,41,57,1
0,1,62,58,4,5,57,0
0,1,69,58,3,10,57,0
0,1,70,58,1,42,57,0
0,1,71,58,0,29,57,1
0,1,72,58,4,22,57,0
0,1,76,58,4,25,57,1
0,1,77,58,3,36,57,0
0,1,78,58,5,22,57,1
0,1,79,58,0,30,57,0
0,1,80,58,1,32,57,1
0,1,83,58,1,43,57,0
0,1,85,58,3,5,57,1
0,1,86,58,0,27,57,1
0,1,87,58,1,17,57,1
0,1,90,58,1,22,57,1
0,1,96,58,3,8,57,1
0,0,0,59,1,41,24,1
0,0,14,59,0,24,24,1
0,0,15,59,3,30,24,1
0,0,16,59,4,47,24,1
0,0,21,59,5,10,24,1
0,0,23,59,5,45,24,1
0,0,25,59,3,8,24,1
0,0,27,59,2,36,24,1
0,0,28,59,5,43,24,0
0,0,30,59,1,32,24,1
0,0,31,59,2,28,24,1
0,0,32,59,3,27,24,1
0,0,35,59,3,9,24,1
0,0,38,59,5,15,24,1
0,0,40,59,0,45,24,1
0,0,48,59,3,29,24,1
0,0,49,59,2,35,24,1
0,1,50,59,5,1,24,1
0,1,52,59,1,33,24,0
0,1,53,59,0,8,24,1
0,1,65,59,2,43,24,1
0,1,66,59,5,32,24,1
0,1,69,59,3,10,24,0
0,1,70,59,1,42,24,0
0,1,72,59,4,22,24,1
0,1,73,59,2,44,24,1
0,1,75,59,3,12,24,1
0,1,76,59,4,25,24,1
0,1,79,59,0,30,24,0
0,1,80,59,1,32,24,1
0,1,81,59,0,8,24,1
0,1,83,59,1,43,24,0
0,1,86,59,0,27,24,0
0,1,87,59,1,17,24,0
0,1,90,59,1,22,24,1
0,1,93,59,0,12,24,1
0,1,95,59,3,3,24,0
0,1,99,59,5,37,24,1
0,0,0,60,1,41,214,1
0,0,2,60,5,38,214,0
0,0,10,60,2,13,214,1
0,0,11,60,2,3,214,1
0,0,12,60,5,22,214,1
0,0,14,60,0,24,214,1
0,0,15,60,3,30,214,1
0,0,17,60,1,22,214,1
0,0,19,60,0,17,214,0
0,0,24,60,0,20,214,1
0,0,30,60,1,32,214,1
0,0,33,60,3,4,214,0
0,0,34,60,1,3,214,1
0,0,37,60,0,39,214,1
0,0,38,60,5,15,214,1
0,0,39,60,5,42,214,0
0,0,42,60,3,12,214,1
0,0,43,60,3,44,214,1
0,0,44,60,5,48,214,0
0,0,48,60,3,29,214,1
0,1,50,60,5,1,214,1
0,1,55,60,1,11,214,1
0,1,66,60,5,32,214,1
0,1,71,60,0,29,214,1
0,1,72,60,4,22,214,0
0,1,73,60,2,44,214,1
0,1,76,60,4,25,214,1
0,1,78,60,5,22,214,1
0,1,79,60,0,30,214,0
0,1,80,60,1,32,214,1
0,1,82,60,5,21,214,1
0,1,83,60,1,43,214,1
0,1,84,60,4,16,214,1
0,1,85,60,3,5,214,1
0,1,86,60,0,27,214,0
0,1,89,60,3,41,214,1
0,1,91,60,5,14,214,1
0,1,93,60,0,12,214,1
0,0,1,61,4,39,39,0
0,0,3,61,1,30,39,1
0,0,4,61,0,41,39,1
0,0,9,61,1,21,39,0
0,0,12,61,5,22,39,1
0,0,16,61,4,47,39,1
0,0,17,61,1,22,39,1
0,0,18,61,5,4,39,1
0,0,19,61,0,17,39,1
0,0,22,61,3,21,39,1
0,0,23,61,5,45,39,1
0,0,26,61,2,10,39,1
0,0,27,61,2,36,39,1
0,0,32,61,3,27,39,1
0,0,44,61,5,48,39,1
0,0,47,61,2,43,39,1
0,1,55,61,1,11,39,1
0,1,59,61,2,39,39,1
0,1,65,61,2,43,39,1
0,1,67,61,0,31,39,1
0,1,69,61,3,10,39,1
0,1,70,61,1,42,39,1
0,1,72,61,4,22,39,1
0,1,73,61,2,44,39,1
0,1,75,61,3,12,39,1
0,1,78,61,5,22,39,1
0,1,80,61,1,32,39,1
0,1,82,61,5,21,39,0
0,1,85,61,3,5,39,1
0,1,87,61,1,17,39,0
0,1,88,61,5,28,39,1
0,1,91,61,5,14,39,1
0,1,92,61,2,4,39,0
0,1,93,61,0,12,39,1
0,1,94,61,0,12,39,1
0,1,95,61,3,3,39,1
0,1,96,61,3,8,39,1
0,1,98,61,5,17,39,1
0,0,3,62,1,30,279,1
0,0,4,62,0,41,279,0
0,0,7,62,3,24,279,1
0,0,10,62,2,13,279,1
0,0,12,62,5,22,279,1
0,0,17,62,1,22,279,0
0,0,19,62,0,17,279,0
0,0,22,62,3,21,279,1
0,0,25,62,3,8,279,1
0,0,28,62,5,43,279,0
0,0,29,62,2,40,279,1
0,0,30,62,1,32,279,1
0,0,31,62,2,28,279,1
0,0,33,62,3,4,279,1
0,0,35,62,3,9,279,1
0,0,36,62,1,11,279,1
0,0,37,62,0,39,279,0
0,0,41,62,0,1,279,1
0,0,44,62,5,48,279,0
0,0,47,62,2,43,279,0
0,0,49,62,2,35,279,0
0,1,52,62,1,33,279,1
0,1,55,62,1,11,279,1
0,1,56,62,3,25,279,1
0,1,57,62,0,47,279,1
0,1,59,62,2,39,279,1
0,1,65,62,2,43,279,1
0,1,68,62,3,16,279,1
0,1,75,62,3,12,279,1
0,1,79,62,0,30,279,0
0,1,81,62,0,8,279,1
0,1,86,62,0,27,279,0
0,1,87,62,1,17,279,1
0,1,90,62,1,22,279,1
0,1,93,62,0,12,279,1
0,1,95,62,3,3,279,1
0,1,98,62,5,17,279,1
0,1,99,62,5,37,279,1
0,0,0,63,1,41,95,1
0,0,1,63,4,39,95,1
0,0,3,63,1,30,95,1
0,0,5,63,0,17,95,0
0,0,8,63,4,9,95,0
0,0,15,63,3,30,95,0
0,0,16,63,4,47,95,0
0,0,24,63,0,20,95,0
0,0,25,63,3,8,95,1
0,0,26,63,2,10,95,0
0,0,27,63,2,36,95,1
0,0,30,63,1,32,95,1
0,0,32,63,3,27,95,1
0,0,34,63,1,3,95,0
0,0,37,63,0,39,95,1
0,0,38,63,5,15,95,0
0,0,39,63,5,42,95,1
0,0,46,63,0,32,95,0
0,1,51,63,3,0,95,1
0,1,58,63,5,10,95,1
0,1,62,63,4,5,95,1
0,1,64,63,4,29,95,0
0,1,65,63,2,43,95,1
0,1,70,63,1,42,95,1
0,1,71,63,0,29,95,1
0,1,72,63,4,22,95,1
0,1,73,63,2,44,95,0
0,1,74,63,4,10,95,1
0,1,76,63,4,25,95,1
0,1,77,63,3,36,95,0
0,1,84,63,4,16,95,0
0,1,86,63,0,27,95,0
0,1,88,63,5,28,95,0
0,1,90,63,1,22,95,1
0,1,92,63,2,4,95,0
0,1,93,63,0,12,95,1
0,1,94,63,0,12,95,1
0,1,96,63,3,8,95,1
0,0,1,64,4,39,124,0
0,0,5,64,0,17,124,1
0,0,10,64,2,13,124,1
0,0,12,64,5,22,124,1
0,0,15,64,3,30,124,1
0,0,18,64,5,4,124,1
0,0,22,64,3,21,124,0
0,0,23,64,5,45,124,1
0,0,26,64,2,10,124,1
0,0,27,64,2,36,124,1
0,0,30,64,1,32,124,1
0,0,31,64,2,28,124,0
0,0,37,64,0,39,124,1
0,0,39,64,5,42,124,1
0,0,42,64,3,12,124,1
0,0,43,64,3,44,124,0
0,0,46,64,0,32,124,1
0,1,52,64,1,33,124,1
0,1,55,64,1,11,124,1
0,1,56,64,3,25,124,1
0,1,57,64,0,47,124,1
0,1,58,64,5,10,124,1
0,1,60,64,4,31,124,1
0,1,64,64,4,29,124,1
0,1,65,64,2,43,124,1
0,1,72,64,4,22,124,0
0,1,76,64,4,25,124,1
0,1,77,64,3,36,124,1
0,1,79,64,0,30,124,0
0,1,81,64,0,8,124,1
0,1,84,64,4,16,124,0
0,1,88,64,5,28,124,0
0,1,93,64,0,12,124,1
0,1,94,64,0,12,124,1
0,1,95,64,3,3,124,1
0,1,96,64,3,8,124,1
0,1,98,64,5,17,124,1
0,1,99,64,5,37,124,1
0,0,1,65,4,39,101,0
0,0,3,65,1,30,101,0
0,0,4,65,0,41,101,0
0,0,5,65,0,17,101,0
0,0,8,65,4,9,101,0
0,0,18,65,5,4,101,0
0,0,23,65,5,45,101,1
0,0,25,65,3,8,101,0
0,0,26,65,2,10,101,1
0,0,27,65,2,36,101,1
0,0,28,65,5,43,101,0
0,0,29,65,2,40,101,1
0,0,34,65,1,3,101,0
0,0,35,65,3,9,101,1
0,0,39,65,5,42,101,1
0,0,42,65,3,12,101,0
0,0,44,65,5,48,101,0
0,0,45,65,1,14,101,1
0,0,47,65,2,43,101,0
0,1,50,65,5,1,101,1
0,1,55,65,1,11,101,0
0,1,57,65,0,47,101,0
0,1,59,65,2,39,101,1
0,1,60,65,4,31,101,1
0,1,61,65,4,41,101,1
0,1,64,65,4,29,101,1
0,1,65,65,2,43,101,1
0,1,66,65,5,32,101,0
0,1,69,65,3,10,101,0
0,1,71,65,0,29,101,0
0,1,76,65,4,25,101,0
0,1,77,65,3,36,101,1
0,1,78,65,5,22,101,0
0,1,79,65,0,30,101,0
0,1,86,65,0,27,101,0
0,1,90,65,1,22,101,1
0,1,93,65,0,12,101,1
0,1,95,65,3,3,101,0
0,0,3,66,1,30,139,1
0,0,5,66,0,17,139,1
0,0,7,66,3,24,139,1
0,0,8,66,4,9,139,1
0,0,11,66,2,3,139,1
0,0,12,66,5,22,139,1
0,0,17,66,1,22,139,1
0,0,19,66,0,17,139,1
0,0,21,66,5,10,139,1
0,0,22,66,3,21,139,1
0,0,27,66,2,36,139,1
0,0,35,66,3,9,139,1
0,0,36,66,1,11,139,1
0,0,37,66,0,39,139,1
0,0,39,66,5,42,139,1
0,0,44,66,5,48,139,0
0,0,45,66,1,14,139,0
0,0,47,66,2,43,139,1
0,0,48,66,3,29,139,1
0,0,49,66,2,35,139,1
0,1,52,66,1,33,139,1
0,1,53,66,0,8,139,0
0,1,55,66,1,11,139,1
0,1,57,66,0,47,139,1
0,1,60,66,4,31,139,1
0,1,61,66,4,41,139,1
0,1,63,66,4,24,139,1
0,1,68,66,3,16,139,1
0,1,71,66,0,29,139,0
0,1,72,66,4,22,139,0
0,1,74,66,4,10,139,0
0,1,77,66,3,36,139,1
0,1,83,66,1,43,139,1
0,1,85,66,3,5,139,0
0,1,86,66,0,27,139,0
0,1,90,66,1,22,139,1
0,1,93,66,0,12,139,1
0,1,98,66,5,17,139,0
0,0,2,67,5,38,242,0
0,0,8,67,4,9,242,0
0,0,9,67,1,21,242,0
0,0,12,67,5,22,242,1
0,0,13,67,1,48,242,1
0,0,16,67,4,47,242,1
0,0,22,67,3,21,242,0
0,0,23,67,5,45,242,1
0,0,26,67,2,10,242,1
0,0,27,67,2,36,242,1
0,0,35,67,3,9,242,1
0,0,38,67,5,15,242,1
0,0,41,67,0,1,242,0
0,0,43,67,3,44,242,1
0,0,48,67,3,29,242,1
0,1,53,67,0,8,242,0
0,1,54,67,2,25,242,1
0,1,56,67,3,25,242,1
0,1,58,67,5,10,242,0
0,1,60,67,4,31,242,1
0,1,63,67,4,24,242,1
0,1,64,67,4,29,242,1
0,1,65,67,2,43,242,1
0,1,67,67,0,31,242,0
0,1,68,67,3,16,242,1
0,1,71,67,0,29,242,1
0,1,72,67,4,22,242,1
0,1,73,67,2,44,242,0
0,1,74,67,4,10,242,1
0,1,75,67,3,12,242,1
0,1,76,67,4,25,242,0
0,1,77,67,3,36,242,1
0,1,87,67,1,17,242,1
0,1,88,67,5,28,242,0
0,1,90,67,1,22,242,0
0,1,91,67,5,14,242,1
0,1,95,67,3,3,242,0
0,1,99,67,5,37,242,1
0,0,2,68,5,38,53,0
0,0,3,68,1,30,53,1
0,0,4,68,0,41,53,0
0,0,7,68,3,24,53,1
0,0,9,68,1,21,53,0
0,0,14,68,0,24,53,1
0,0,21,68,5,10,53,0
0,0,22,68,3,21,53,0
0,0,24,68,0,20,53,1
0,0,26,68,2,10,53,0
0,0,27,68,2,36,53,1
0,0,29,68,2,40,53,1
0,0,30,68,1,32,53,1
0,0,34,68,1,3,53,1
0,0,35,68,3,9,53,0
0,0,37,68,0,39,53,1
0,0,40,68,0,45,53,1
0,0,41,68,0,1,53,0
0,0,42,68,3,12,53,1
0,0,44,68,5,48,53,1
0,0,46,68,0,32,53,0
0,0,47,68,2,43,53,1
0,0,49,68,2,35,53,0
0,1,50,68,5,1,53,1
0,1,58,68,5,10,53,1
0,1,59,68,2,39,53,1
0,1,63,68,4,24,53,1
0,1,64,68,4,29,53,0
0,1,66,68,5,32,53,1
0,1,68,68,3,16,53,1
0,1,78,68,5,22,53,1
0,1,79,68,0,30,53,0
0,1,82,68,5,21,53,0
0,1,83,68,1,43,53,0
0,1,89,68,3,41,53,1
0,1,92,68,2,4,53,0
0,1,97,68,2,42,53,1
0,1,98,68,5,17,53,1
0,0,9,69,1,21,216,0
0,0,13,69,1,48,216,0
0,0,14,69,0,24,216,1
0,0,19,69,0,17,216,1
0,0,23,69,5,45,216,0
0,0,25,69,3,8,216,1
0,0,26,69,2,10,216,1
0,0,27,69,2,36,216,1
0,0,29,69,2,40,216,1
0,0,38,69,5,15,216,0
0,0,39,69,5,42,216,1
0,0,41,69,0,1,216,0
0,0,42,69,3,12,216,0
0,0,46,69,0,32,216,0
0,1,50,69,5,1,216,1
0,1,51,69,3,0,216,1
0,1,52,69,1,33,216,1
0,1,53,69,0,8,216,1
0,1,55,69,1,11,216,1
0,1,56,69,3,25,216,1
0,1,57,69,0,47,216,1
0,1,58,69,5,10,216,1
0,1,59,69,2,39,216,1
0,1,60,69,4,31,216,0
0,1,62,69,4,5,216,1
0,1,65,69,2,43,216,0
0,1,71,69,0,29,216,1
0,1,76,69,4,25,216,1
0,1,80,69,1,32,216,1
0,1,82,69,5,21,216,1
0,1,86,69,0,27,216,0
0,1,87,69,1,17,216,0
0,1,89,69,3,41,216,1
0,1,90,69,1,22,216,0
0,1,94,69,0,12,216,1
0,1,95,69,3,3,216,0
0,1,96,69,3,8,216,1
0,1,99,69,5,37,216,1
0,0,0,70,1,41,251,1
0,0,1,70,4,39,251,0
0,0,2,70,5,38,251,0
0,0,3,70,1,30,251,1
0,0,4,70,0,41,251,1
0,0,6,70,1,18,251,0
0,0,7,70,3,24,251,1
0,0,8,70,4,9,251,1
0,0,12,70,5,22,251,1
0,0,14,70,0,24,251,1
0,0,23,70,5,45,251,1
0,0,25,70,3,8,251,1
0,0,30,70,1,32,251,1
0,0,35,70,3,9,251,0
0,0,36,70,1,11,251,1
0,0,37,70,0,39,251,0
0,0,40,70,0,45,251,1
0,0,41,70,0,1,251,1
0,0,43,70,3,44,251,1
0,0,45,70,1,14,251,1
0,0,46,70,0,32,251,1
0,1,52,70,1,33,251,1
0,1,56,70,3,25,251,1
0,1,57,70,0,47,251,1
0,1,60,70,4,31,251,0
0,1,65,70,2,43,251,1
0,1,68,70,3,16,251,1
0,1,69,70,3,10,251,0
0,1,70,70,1,42,251,0
0,1,73,70,2,44,251,1
0,1,75,70,3,12,251,1
0,1,82,70,5,21,251,1
0,1,85,70,3,5,251,1
0,1,86,70,0,27,251,1
0,1,87,70,1,17,251,0
0,1,89,70,3,41,251,1
0,1,90,70,1,22,251,1
0,1,93,70,0,12,251,1
0,0,0,71,1,41,24,1
0,0,1,71,4,39,24,1
0,0,3,71,1,30,24,1
0,0,4,71,0,41,24,0
0,0,5,71,0,17,24,1
0,0,6,71,1,18,24,0
0,0,7,71,3,24,24,1
0,0,12,71,5,22,24,1
0,0,16,71,4,47,24,0
0,0,20,71,3,15,24,0
0,0,27,71,2,36,24,1
0,0,31,71,2,28,24,1
0,0,33,71,3,4,24,1
0,0,40,71,0,45,24,0
0,0,42,71,3,12,24,1
0,0,45,71,1,14,24,1
0,0,47,71,2,43,24,1
0,0,49,71,2,35,24,0
0,1,51,71,3,0,24,1
0,1,53,71,0,8,24,1
0,1,54,71,2,25,24,1
0,1,55,71,1,11,24,1
0,1,57,71,0,47,24,1
0,1,58,71,5,10,24,1
0,1,59,71,2,39,24,1
0,1,64,71,4,29,24,1
0,1,67,71,0,31,24,0
0,1,70,71,1,42,24,1
0,1,71,71,0,29,24,1
0,1,73,71,2,44,24,1
0,1,75,71,3,12,24,1
0,1,86,71,0,27,24,1
0,1,87,71,1,17,24,1
0,1,88,71,5,28,24,0
0,1,89,71,3,41,24,1
0,1,91,71,5,14,24,1
0,1,92,71,2,4,24,1
0,1,94,71,0,12,24,1
0,0,2,72,5,38,61,0
0,0,3,72,1,30,61,1
0,0,4,72,0,41,61,1
0,0,5,72,0,17,61,1
0,0,7,72,3,24,61,0
0,0,8,72,4,9,61,0
0,0,12,72,5,22,61,1
0,0,16,72,4,47,61,1
0,0,18,72,5,4,61,1
0,0,21,72,5,10,61,1
0,0,22,72,3,21,61,1
0,0,23,72,5,45,61,1
0,0,25,72,3,8,61,1
0,0,26,72,2,10,61,1
0,0,27,72,2,36,61,1
0,0,28,72,5,43,61,0
0,0,29,72,2,40,61,0
0,0,30,72,1,32,61,1
0,0,33,72,3,4,61,1
0,0,34,72,1,3,61,0
0,0,35,72,3,9,61,1
0,0,40,72,0,45,61,1
0,0,43,72,3,44,61,1
0,1,56,72,3,25,61,1
0,1,57,72,0,47,61,1
0,1,59,72,2,39,61,1
0,1,62,72,4,5,61,0
0,1,63,72,4,24,61,1
0,1,65,72,2,43,61,1
0,1,72,72,4,22,61,1
0,1,76,72,4,25,61,0
0,1,84,72,4,16,61,1
0,1,88,72,5,28,61,1
0,1,89,72,3,41,61,1
0,1,91,72,5,14,61,1
0,1,94,72,0,12,61,1
0,1,95,72,3,3,61,0
0,1,96,72,3,8,61,1
0,0,2,73,5,38,142,0
0,0,6,73,1,18,142,0
0,0,7,73,3,24,142,1
0,0,8,73,4,9,142,0
0,0,9,73,1,21,142,0
0,0,11,73,2,3,142,0
0,0,13,73,1,48,142,0
0,0,15,73,3,30,142,0
0,0,17,73,1,22,142,1
0,0,21,73,5,10,142,1
0,0,23,73,5,45,142,0
0,0,26,73,2,10,142,1
0,0,32,73,3,27,142,1
0,0,33,73,3,4,142,1
0,0,34,73,1,3,142,1
0,0,37,73,0,39,142,1
0,0,44,73,5,48,142,0
0,0,47,73,2,43,142,0
0,0,49,73,2,35,142,0
0,1,50,73,5,1,142,1
0,1,51,73,3,0,142,1
0,1,55,73,1,11,142,1
0,1,56,73,3,25,142,1
0,1,57,73,0,47,142,0
0,1,58,73,5,10,142,1
0,1,61,73,4,41,142,1
0,1,66,73,5,32,142,1
0,1,68,73,3,16,142,1
0,1,73,73,2,44,142,0
0,1,75,73,3,12,142,1
0,1,76,73,4,25,142,1
0,1,78,73,5,22,142,1
0,1,82,73,5,21,142,0
0,1,88,73,5,28,142,0
0,1,89,73,3,41,142,1
0,1,90,73,1,22,142,1
0,1,92,73,2,4,142,0
0,1,98,73,5,17,142,1
0,0,1,74,4,39,127,1
0,0,3,74,1,30,127,1
0,0,5,74,0,17,127,1
0,0,7,74,3,24,127,0
0,0,8,74,4,9,127,1
0,0,12,74,5,22,127,1
0,0,13,74,1,48,127,1
0,0,14,74,0,24,127,1
0,0,16,74,4,47,127,1
0,0,18,74,5,4,127,1
0,0,21,74,5,10,127,0
0,0,24,74,0,20,127,0
0,0,29,74,2,40,127,1
0,0,32,74,3,27,127,1
0,0,42,74,3,12,127,1
0,0,43,74,3,44,127,1
0,0,47,74,2,43,127,1
0,0,49,74,2,35,127,0
0,1,53,74,0,8,127,0
0,1,55,74,1,11,127,1
0,1,59,74,2,39,127,1
0,1,60,74,4,31,127,0
0,1,61,74,4,41,127,1
0,1,65,74,2,43,127,1
0,1,66,74,5,32,127,1
0,1,71,74,0,29,127,1
0,1,72,74,4,22,127,1
0,1,73,74,2,44,127,0
0,1,74,74,4,10,127,0
0,1,76,74,4,25,127,1
0,1,79,74,0,30,127,0
0,1,81,74,0,8,127,0
0,1,83,74,1,43,127,1
0,1,86,74,0,27,127,1
0,1,91,74,5,14,127,0
0,1,93,74,0,12,127,1
0,1,95,74,3,3,127,0
0,1,97,74,2,42,127,0
0,0,1,75,4,39,218,1
0,0,3,75,1,30,218,0
0,0,7,75,3,24,218,1
0,0,9,75,1,21,218,1
0,0,11,75,2,3,218,0
0,0,12,75,5,22,218,1
0,0,15,75,3,30,218,0
0,0,16,75,4,47,218,1
0,0,18,75,5,4,218,1
0,0,21,75,5,10,218,1
0,0,22,75,3,21,218,0
0,0,23,75,5,45,218,0
0,0,24,75,0,20,218,0
0,0,28,75,5,43,218,0
0,0,34,75,1,3,218,1
0,0,36,75,1,11,218,1
0,0,37,75,0,39,218,0
0,0,42,75,3,12,218,1
0,0,45,75,1,14,218,1
0,0,47,75,2,43,218,1
0,1,53,75,0,8,218,0
0,1,54,75,2,25,218,1
0,1,55,75,1,11,218,1
0,1,68,75,3,16,218,1
0,1,70,75,1,42,218,0
0,1,72,75,4,22,218,1
0,1,78,75,5,22,218,0
0,1,80,75,1,32,218,1
0,1,83,75,1,43,218,0
0,1,85,75,3,5,218,1
0,1,86,75,0,27,218,0
0,1,88,75,5,28,218,1
0,1,92,75,2,4,218,1
0,1,93,75,0,12,218,1
0,1,94,75,0,12,218,1
0,1,95,75,3,3,218,1
0,1,96,75,3,8,218,1
0,1,99,75,5,37,218,1
0,0,0,76,1,41,75,1
0,0,1,76,4,39,75,0
0,0,4,76,0,41,75,0
0,0,6,76,1,18,75,0
0,0,9,76,1,21,75,0
0,0,10,76,2,13,75,0
0,0,11,76,2,3,75,1
0,0,12,76,5,22,75,0
0,0,15,76,3,30,75,1
0,0,17,76,1,22,75,1
0,0,22,76,3,21,75,1
0,0,23,76,5,45,75,1
0,0,25,76,3,8,75,1
0,0,27,76,2,36,75,1
0,0,32,76,3,27,75,1
0,0,34,76,1,3,75,1
0,0,38,76,5,15,75,0
0,0,39,76,5,42,75,1
0,0,43,76,3,44,75,1
0,0,44,76,5,48,75,1
0,0,46,76,0,32,75,1
0,0,47,76,2,43,75,1
0,1,51,76,3,0,75,0
0,1,52,76,1,33,75,1
0,1,54,76,2,25,75,1
0,1,57,76,0,47,75,1
0,1,63,76,4,24,75,1
0,1,68,76,3,16,75,1
0,1,75,76,3,12,75,1
0,1,76,76,4,25,75,0
0,1,78,76,5,22,75,1
0,1,79,76,0,30,75,1
0,1,82,76,5,21,75,0
0,1,83,76,1,43,75,1
0,1,86,76,0,27,75,1
0,1,88,76,5,28,75,0
0,1,89,76,3,41,75,1
0,1,94,76,0,12,75,0
0,0,4,77,0,41,61,1
0,0,5,77,0,17,61,0
0,0,11,77,2,3,61,1
0,0,17,77,1,22,61,1
0,0,19,77,0,17,61,0
0,0,22,77,3,21,61,0
0,0,23,77,5,45,61,1
0,0,33,77,3,4,61,0
0,0,35,77,3,9,61,1
0,0,36,77,1,11,61,1
0,0,38,77,5,15,61,1
0,0,39,77,5,42,61,1
0,0,40,77,0,45,61,0
0,0,41,77,0,1,61,1
0,0,45,77,1,14,61,1
0,0,46,77,0,32,61,1
0,0,48,77,3,29,61,1
0,0,49,77,2,35,61,1
0,1,52,77,1,33,61,1
0,1,56,77,3,25,61,1
0,1,58,77,5,10,61,1
0,1,63,77,4,24,61,1
0,1,66,77,5,32,61,1
0,1,67,77,0,31,61,1
0,1,68,77,3,16,61,1
0,1,71,77,0,29,61,1
0,1,76,77,4,25,61,0
0,1,79,77,0,30,61,0
0,1,83,77,1,43,61,0
0,1,85,77,3,5,61,1
0,1,86,77,0,27,61,0
0,1,90,77,1,22,61,1
0,1,91,77,5,14,61,1
0,1,92,77,2,4,61,0
0,1,93,77,0,12,61,1
0,1,94,77,0,12,61,1
0,1,95,77,3,3,61,1
0,1,99,77,5,37,61,1
0,0,0,78,1,41,102,0
0,0,4,78,0,41,102,0
0,0,6,78,1,18,102,0
0,0,8,78,4,9,102,0
0,0,15,78,3,30,102,1
0,0,16,78,4,47,102,1
0,0,18,78,5,4,102,1
0,0,21,78,5,10,102,0
0,0,22,78,3,21,102,0
0,0,24,78,0,20,102,1
0,0,25,78,3,8,102,1
0,0,29,78,2,40,102,0
0,0,33,78,3,4,102,1
0,0,34,78,1,3,102,1
0,0,35,78,3,9,102,1
0,0,36,78,1,11,102,1
0,0,43,78,3,44,102,0
0,0,45,78,1,14,102,1
0,0,49,78,2,35,102,1
0,1,50,78,5,1,102,1
0,1,53,78,0,8,102,0
0,1,54,78,2,25,102,1
0,1,55,78,1,11,102,1
0,1,56,78,3,25,102,1
0,1,58,78,5,10,102,1
0,1,61,78,4,41,102,1
0,1,62,78,4,5,102,1
0,1,63,78,4,24,102,0
0,1,64,78,4,29,102,0
0,1,65,78,2,43,102,1
0,1,66,78,5,32,102,1
0,1,67,78,0,31,102,0
0,1,69,78,3,10,102,0
0,1,70,78,1,42,102,0
0,1,86,78,0,27,102,0
0,1,87,78,1,17,102,0
0,1,89,78,3,41,102,0
0,1,90,78,1,22,102,1
0,0,3,79,1,30,138,0
0,0,5,79,0,17,138,1
0,0,7,79,3,24,138,1
0,0,9,79,1,21,138,1
0,0,13,79,1,48,138,0
0,0,14,79,0,24,138,1
0,0,15,79,3,30,138,1
0,0,16,79,4,47,138,1
0,0,18,79,5,4,138,1
0,0,19,79,0,17,138,1
0,0,20,79,3,15,138,1
0,0,25,79,3,8,138,1
0,0,28,79,5,43,138,0
0,0,30,79,1,32,138,1
0,0,31,79,2,28,138,0
0,0,35,79,3,9,138,1
0,0,38,79,5,15,138,0
0,0,39,79,5,42,138,1
0,0,40,79,0,45,138,1
0,0,41,79,0,1,138,1
0,1,52,79,1,33,138,0
0,1,53,79,0,8,138,1
0,1,57,79,0,47,138,1
0,1,61,79,4,41,138,1
0,1,62,79,4,5,138,1
0,1,64,79,4,29,138,1
0,1,67,79,0,31,138,1
0,1,69,79,3,10,138,1
0,1,72,79,4,22,138,1
0,1,74,79,4,10,138,1
0,1,81,79,0,8,138,1
0,1,83,79,1,43,138,0
0,1,85,79,3,5,138,1
0,1,88,79,5,28,138,0
0,1,91,79,5,14,138,0
0,1,94,79,0,12,138,1
0,1,98,79,5,17,138,1
0,1,99,79,5,37,138,0
