trial_id,sim_cordel_id,sim_topic_id,sim_rater_id,cordel_id,topic_id,rater_id,intrusion
0,0,0,0,0,15,19,1
0,0,1,0,3,36,19,1
0,0,2,0,5,38,19,1
0,0,5,0,4,3,19,0
0,0,9,0,2,43,19,1
0,0,12,0,3,36,19,1
0,0,21,0,2,22,19,1
0,0,25,0,5,24,19,1
0,0,26,0,2,45,19,1
0,0,27,0,5,10,19,1
0,0,29,0,0,28,19,1
0,0,33,0,2,26,19,1
0,0,34,0,3,6,19,1
0,0,36,0,5,28,19,1
0,0,38,0,5,45,19,1
0,0,41,0,0,16,19,1
0,0,42,0,0,42,19,1
0,0,49,0,3,9,19,1
0,1,51,0,0,17,19,1
0,1,53,0,4,4,19,0
0,1,58,0,3,6,19,1
0,1,64,0,5,6,19,1
0,1,71,0,3,31,19,1
0,1,72,0,0,5,19,1
0,1,73,0,5,39,19,1
0,1,74,0,3,13,19,1
0,1,78,0,2,9,19,1
0,1,79,0,2,44,19,1
0,1,81,0,2,29,19,1
0,1,85,0,0,43,19,1
0,1,86,0,4,49,19,1
0,1,88,0,3,47,19,1
0,1,90,0,3,0,19,1
0,1,91,0,4,15,19,1
0,1,92,0,5,49,19,1
0,1,94,0,3,12,19,1
0,1,97,0,0,47,19,1
0,1,98,0,2,16,19,1
0,0,1,1,3,36,182,1
0,0,3,1,3,11,182,1
0,0,4,1,0,27,182,0
0,0,5,1,4,3,182,0
0,0,6,1,1,40,182,0
0,0,7,1,0,6,182,1
0,0,10,1,3,30,182,0
0,0,12,1,3,36,182,1
0,0,13,1,1,30,182,0
0,0,20,1,5,22,182,1
0,0,22,1,0,15,182,1
0,0,25,1,5,24,182,0
0,0,28,1,4,42,182,0
0,0,30,1,4,30,182,1
0,0,32,1,3,24,182,1
0,0,33,1,2,26,182,1
0,0,36,1,5,28,182,0
0,0,39,1,4,13,182,0
0,0,40,1,4,9,182,1
0,0,41,1,0,16,182,1
0,0,42,1,0,42,182,0
0,0,48,1,2,33,182,1
0,1,52,1,5,21,182,1
0,1,54,1,5,2,182,1
0,1,60,1,4,21,182,1
0,1,65,1,3,43,182,1
0,1,69,1,1,41,182,1
0,1,72,1,0,5,182,0
0,1,74,1,3,13,182,0
0,1,81,1,2,29,182,1
0,1,82,1,1,45,182,1
0,1,84,1,3,5,182,0
0,1,87,1,4,20,182,1
0,1,90,1,3,0,182,1
0,1,93,1,5,35,182,1
0,1,94,1,3,12,182,0
0,1,98,1,2,16,182,0
0,1,99,1,0,23,182,1
0,0,0,2,0,15,219,1
0,0,4,2,0,27,219,0
0,0,5,2,4,3,219,1
0,0,8,2,0,46,219,1
0,0,15,2,4,35,219,0
0,0,16,2,4,0,219,1
0,0,18,2,5,28,219,0
0,0,19,2,5,8,219,0
0,0,25,2,5,24,219,1
0,0,26,2,2,45,219,0
0,0,28,2,4,42,219,0
0,0,29,2,0,28,219,1
0,0,38,2,5,45,219,0
0,0,39,2,4,13,219,1
0,0,40,2,4,9,219,0
0,0,41,2,0,16,219,1
0,0,44,2,4,32,219,1
0,0,45,2,3,33,219,0
0,0,46,2,5,34,219,1
0,0,47,2,5,27,219,1
0,0,48,2,2,33,219,0
0,1,50,2,5,49,219,1
0,1,54,2,5,2,219,0
0,1,55,2,0,43,219,0
0,1,58,2,3,6,219,1
0,1,59,2,4,41,219,1
0,1,60,2,4,21,219,1
0,1,65,2,3,43,219,0
0,1,66,2,1,24,219,1
0,1,67,2,0,5,219,0
0,1,68,2,0,10,219,1
0,1,74,2,3,13,219,1
0,1,76,2,1,6,219,1
0,1,85,2,0,43,219,0
0,1,86,2,4,49,219,1
0,1,89,2,3,36,219,1
0,1,95,2,4,6,219,0
0,1,96,2,3,18,219,0
0,0,3,3,3,11,76,0
0,0,5,3,4,3,76,1
0,0,7,3,0,6,76,0
0,0,9,3,2,43,76,1
0,0,10,3,3,30,76,1
0,0,18,3,5,28,76,0
0,0,21,3,2,22,76,0
0,0,22,3,0,15,76,0
0,0,29,3,0,28,76,0
0,0,32,3,3,24,76,0
0,0,37,3,1,14,76,1
0,0,42,3,0,42,76,0
0,0,43,3,4,15,76,1
0,0,44,3,4,32,76,1
0,0,45,3,3,33,76,0
0,1,50,3,5,49,76,1
0,1,51,3,0,17,76,0
0,1,58,3,3,6,76,1
0,1,60,3,4,21,76,1
0,1,61,3,5,12,76,1
0,1,62,3,0,45,76,1
0,1,66,3,1,24,76,1
0,1,69,3,1,41,76,1
0,1,70,3,2,20,76,1
0,1,73,3,5,39,76,1
0,1,74,3,3,13,76,1
0,1,75,3,5,20,76,1
0,1,78,3,2,9,76,0
0,1,80,3,3,40,76,0
0,1,83,3,4,32,76,1
0,1,85,3,0,43,76,0
0,1,87,3,4,20,76,0
0,1,89,3,3,36,76,0
0,1,91,3,4,15,76,1
0,1,93,3,5,35,76,1
0,1,96,3,3,18,76,1
0,1,97,3,0,47,76,1
0,1,99,3,0,23,76,1
0,0,0,4,0,15,310,1
0,0,1,4,3,36,310,1
0,0,2,4,5,38,310,1
0,0,3,4,3,11,310,1
0,0,5,4,4,3,310,1
0,0,6,4,1,40,310,0
0,0,9,4,2,43,310,1
0,0,10,4,3,30,310,1
0,0,13,4,1,30,310,1
0,0,18,4,5,28,310,0
0,0,19,4,5,8,310,1
0,0,21,4,2,22,310,0
0,0,22,4,0,15,310,1
0,0,24,4,0,8,310,0
0,0,28,4,4,42,310,1
0,0,29,4,0,28,310,1
0,0,30,4,4,30,310,0
0,0,33,4,2,26,310,1
0,0,35,4,3,6,310,1
0,0,37,4,1,14,310,1
0,0,43,4,4,15,310,1
0,1,54,4,5,2,310,1
0,1,55,4,0,43,310,1
0,1,60,4,4,21,310,1
0,1,61,4,5,12,310,1
0,1,63,4,1,22,310,1
0,1,70,4,2,20,310,1
0,1,72,4,0,5,310,1
0,1,74,4,3,13,310,0
0,1,81,4,2,29,310,1
0,1,84,4,3,5,310,1
0,1,85,4,0,43,310,1
0,1,86,4,4,49,310,1
0,1,87,4,4,20,310,0
0,1,89,4,3,36,310,1
0,1,90,4,3,0,310,1
0,1,91,4,4,15,310,1
0,1,93,4,5,35,310,1
0,0,2,5,5,38,69,0
0,0,3,5,3,11,69,1
0,0,4,5,0,27,69,0
0,0,12,5,3,36,69,1
0,0,13,5,1,30,69,1
0,0,16,5,4,0,69,1
0,0,17,5,4,8,69,0
0,0,20,5,5,22,69,1
0,0,23,5,2,26,69,1
0,0,26,5,2,45,69,1
0,0,27,5,5,10,69,1
0,0,28,5,4,42,69,1
0,0,29,5,0,28,69,1
0,0,32,5,3,24,69,0
0,0,33,5,2,26,69,1
0,0,37,5,1,14,69,1
0,0,39,5,4,13,69,1
0,0,41,5,0,16,69,1
0,0,43,5,4,15,69,1
0,0,44,5,4,32,69,1
0,0,49,5,3,9,69,1
0,1,51,5,0,17,69,0
0,1,60,5,4,21,69,1
0,1,61,5,5,12,69,1
0,1,64,5,5,6,69,1
0,1,66,5,1,24,69,1
0,1,67,5,0,5,69,0
0,1,69,5,1,41,69,1
0,1,70,5,2,20,69,1
0,1,71,5,3,31,69,1
0,1,74,5,3,13,69,1
0,1,80,5,3,40,69,1
0,1,83,5,4,32,69,1
0,1,85,5,0,43,69,0
0,1,89,5,3,36,69,1
0,1,93,5,5,35,69,1
0,1,95,5,4,6,69,0
0,1,96,5,3,18,69,0
0,0,1,6,3,36,24,1
0,0,2,6,5,38,24,1
0,0,5,6,4,3,24,1
0,0,7,6,0,6,24,1
0,0,8,6,0,46,24,0
0,0,10,6,3,30,24,1
0,0,13,6,1,30,24,0
0,0,14,6,1,20,24,1
0,0,15,6,4,35,24,0
0,0,20,6,5,22,24,1
0,0,21,6,2,22,24,0
0,0,26,6,2,45,24,1
0,0,28,6,4,42,24,1
0,0,29,6,0,28,24,1
0,0,37,6,1,14,24,1
0,0,41,6,0,16,24,1
0,0,44,6,4,32,24,1
0,0,49,6,3,9,24,1
0,1,54,6,5,2,24,1
0,1,55,6,0,43,24,1
0,1,56,6,4,6,24,0
0,1,57,6,0,20,24,0
0,1,62,6,0,45,24,1
0,1,64,6,5,6,24,1
0,1,65,6,3,43,24,0
0,1,69,6,1,41,24,1
0,1,73,6,5,39,24,1
0,1,74,6,3,13,24,1
0,1,77,6,1,37,24,1
0,1,78,6,2,9,24,1
0,1,82,6,1,45,24,1
0,1,84,6,3,5,24,1
0,1,86,6,4,49,24,1
0,1,91,6,4,15,24,1
0,1,92,6,5,49,24,1
0,1,94,6,3,12,24,1
0,1,95,6,4,6,24,1
0,1,98,6,2,16,24,1
0,0,0,7,0,15,140,1
0,0,1,7,3,36,140,1
0,0,3,7,3,11,140,1
0,0,6,7,1,40,140,0
0,0,11,7,2,27,140,1
0,0,14,7,1,20,140,1
0,0,18,7,5,28,140,1
0,0,21,7,2,22,140,0
0,0,22,7,0,15,140,1
0,0,24,7,0,8,140,1
0,0,34,7,3,6,140,1
0,0,44,7,4,32,140,1
0,0,45,7,3,33,140,1
0,0,47,7,5,27,140,1
0,0,48,7,2,33,140,0
0,1,50,7,5,49,140,1
0,1,51,7,0,17,140,1
0,1,52,7,5,21,140,1
0,1,53,7,4,4,140,1
0,1,56,7,4,6,140,1
0,1,57,7,0,20,140,1
0,1,58,7,3,6,140,1
0,1,59,7,4,41,140,1
0,1,60,7,4,21,140,1
0,1,67,7,0,5,140,0
0,1,69,7,1,41,140,1
0,1,70,7,2,20,140,1
0,1,74,7,3,13,140,0
0,1,78,7,2,9,140,1
0,1,79,7,2,44,140,0
0,1,81,7,2,29,140,1
0,1,83,7,4,32,140,1
0,1,85,7,0,43,140,1
0,1,89,7,3,36,140,1
0,1,90,7,3,0,140,1
0,1,97,7,0,47,140,1
0,1,98,7,2,16,140,1
0,1,99,7,0,23,140,1
0,0,0,8,0,15,44,0
0,0,1,8,3,36,44,0
0,0,3,8,3,11,44,1
0,0,6,8,1,40,44,0
0,0,13,8,1,30,44,1
0,0,17,8,4,8,44,1
0,0,19,8,5,8,44,1
0,0,20,8,5,22,44,1
0,0,22,8,0,15,44,1
0,0,25,8,5,24,44,1
0,0,26,8,2,45,44,0
0,0,30,8,4,30,44,1
0,0,33,8,2,26,44,1
0,0,34,8,3,6,44,1
0,0,36,8,5,28,44,0
0,0,37,8,1,14,44,1
0,0,38,8,5,45,44,1
0,0,41,8,0,16,44,1
0,0,45,8,3,33,44,1
0,0,46,8,5,34,44,1
0,1,53,8,4,4,44,1
0,1,54,8,5,2,44,0
0,1,62,8,0,45,44,0
0,1,63,8,1,22,44,1
0,1,65,8,3,43,44,1
0,1,66,8,1,24,44,1
0,1,67,8,0,5,44,0
0,1,68,8,0,10,44,1
0,1,69,8,1,41,44,1
0,1,71,8,3,31,44,1
0,1,73,8,5,39,44,1
0,1,75,8,5,20,44,0
0,1,80,8,3,40,44,0
0,1,91,8,4,15,44,1
0,1,93,8,5,35,44,1
0,1,94,8,3,12,44,1
0,1,95,8,4,6,44,1
0,1,99,8,0,23,44,1
0,0,0,9,0,15,270,1
0,0,5,9,4,3,270,0
0,0,6,9,1,40,270,0
0,0,8,9,0,46,270,0
0,0,14,9,1,20,270,1
0,0,15,9,4,35,270,0
0,0,17,9,4,8,270,1
0,0,23,9,2,26,270,1
0,0,24,9,0,8,270,0
0,0,25,9,5,24,270,1
0,0,27,9,5,10,270,0
0,0,31,9,5,19,270,0
0,0,32,9,3,24,270,0
0,0,36,9,5,28,270,0
0,0,38,9,5,45,270,0
0,0,39,9,4,13,270,1
0,0,41,9,0,16,270,1
0,0,43,9,4,15,270,1
0,1,51,9,0,17,270,1
0,1,60,9,4,21,270,1
0,1,61,9,5,12,270,1
0,1,65,9,3,43,270,0
0,1,71,9,3,31,270,1
0,1,74,9,3,13,270,0
0,1,75,9,5,20,270,1
0,1,76,9,1,6,270,1
0,1,78,9,2,9,270,0
0,1,80,9,3,40,270,0
0,1,83,9,4,32,270,1
0,1,84,9,3,5,270,1
0,1,88,9,3,47,270,1
0,1,91,9,4,15,270,1
0,1,92,9,5,49,270,1
0,1,93,9,5,35,270,1
0,1,94,9,3,12,270,1
0,1,95,9,4,6,270,0
0,1,98,9,2,16,270,0
0,1,99,9,0,23,270,1
0,0,0,10,0,15,18,1
0,0,7,10,0,6,18,1
0,0,9,10,2,43,18,0
0,0,10,10,3,30,18,0
0,0,11,10,2,27,18,0
0,0,13,10,1,30,18,1
0,0,14,10,1,20,18,1
0,0,15,10,4,35,18,1
0,0,20,10,5,22,18,1
0,0,21,10,2,22,18,0
0,0,26,10,2,45,18,0
0,0,27,10,5,10,18,1
0,0,28,10,4,42,18,1
0,0,30,10,4,30,18,0
0,0,33,10,2,26,18,1
0,0,35,10,3,6,18,1
0,0,36,10,5,28,18,1
0,0,37,10,1,14,18,1
0,0,41,10,0,16,18,1
0,0,46,10,5,34,18,1
0,1,50,10,5,49,18,0
0,1,51,10,0,17,18,0
0,1,52,10,5,21,18,1
0,1,58,10,3,6,18,1
0,1,59,10,4,41,18,1
0,1,61,10,5,12,18,1
0,1,62,10,0,45,18,0
0,1,64,10,5,6,18,1
0,1,66,10,1,24,18,0
0,1,67,10,0,5,18,1
0,1,75,10,5,20,18,1
0,1,79,10,2,44,18,0
0,1,80,10,3,40,18,1
0,1,85,10,0,43,18,0
0,1,86,10,4,49,18,1
0,1,88,10,3,47,18,1
0,1,90,10,3,0,18,1
0,1,97,10,0,47,18,0
0,0,3,11,3,11,146,1
0,0,6,11,1,40,146,1
0,0,10,11,3,30,146,1
0,0,11,11,2,27,146,1
0,0,18,11,5,28,146,0
0,0,20,11,5,22,146,1
0,0,23,11,2,26,146,1
0,0,25,11,5,24,146,1
0,0,28,11,4,42,146,1
0,0,31,11,5,19,146,1
0,0,34,11,3,6,146,1
0,0,35,11,3,6,146,1
0,0,36,11,5,28,146,0
0,0,37,11,1,14,146,1
0,0,39,11,4,13,146,1
0,0,40,11,4,9,146,0
0,0,47,11,5,27,146,1
0,0,49,11,3,9,146,1
0,1,50,11,5,49,146,1
0,1,52,11,5,21,146,1
0,1,53,11,4,4,146,0
0,1,54,11,5,2,146,1
0,1,58,11,3,6,146,1
0,1,61,11,5,12,146,1
0,1,62,11,0,45,146,1
0,1,67,11,0,5,146,1
0,1,68,11,0,10,146,1
0,1,69,11,1,41,146,1
0,1,70,11,2,20,146,1
0,1,71,11,3,31,146,1
0,1,73,11,5,39,146,1
0,1,78,11,2,9,146,0
0,1,79,11,2,44,146,0
0,1,80,11,3,40,146,1
0,1,85,11,0,43,146,0
0,1,87,11,4,20,146,0
0,1,94,11,3,12,146,1
0,1,96,11,3,18,146,1
0,0,1,12,3,36,27,1
0,0,6,12,1,40,27,0
0,0,7,12,0,6,27,1
0,0,8,12,0,46,27,0
0,0,10,12,3,30,27,1
0,0,12,12,3,36,27,1
0,0,14,12,1,20,27,1
0,0,20,12,5,22,27,1
0,0,21,12,2,22,27,0
0,0,22,12,0,15,27,1
0,0,24,12,0,8,27,1
0,0,25,12,5,24,27,1
0,0,27,12,5,10,27,0
0,0,28,12,4,42,27,0
0,0,32,12,3,24,27,1
0,0,38,12,5,45,27,1
0,0,43,12,4,15,27,1
0,0,44,12,4,32,27,1
0,0,45,12,3,33,27,1
0,0,48,12,2,33,27,1
0,0,49,12,3,9,27,1
0,1,51,12,0,17,27,1
0,1,53,12,4,4,27,1
0,1,56,12,4,6,27,1
0,1,60,12,4,21,27,0
0,1,68,12,0,10,27,1
0,1,69,12,1,41,27,1
0,1,70,12,2,20,27,1
0,1,72,12,0,5,27,1
0,1,74,12,3,13,27,0
0,1,79,12,2,44,27,1
0,1,80,12,3,40,27,1
0,1,81,12,2,29,27,1
0,1,82,12,1,45,27,1
0,1,86,12,4,49,27,1
0,1,92,12,5,49,27,1
0,1,93,12,5,35,27,1
0,1,94,12,3,12,27,1
0,0,2,13,5,38,82,1
0,0,4,13,0,27,82,0
0,0,6,13,1,40,82,0
0,0,9,13,2,43,82,0
0,0,10,13,3,30,82,1
0,0,11,13,2,27,82,0
0,0,12,13,3,36,82,1
0,0,13,13,1,30,82,0
0,0,14,13,1,20,82,1
0,0,15,13,4,35,82,0
0,0,18,13,5,28,82,0
0,0,19,13,5,8,82,0
0,0,25,13,5,24,82,1
0,0,26,13,2,45,82,1
0,0,31,13,5,19,82,1
0,0,32,13,3,24,82,1
0,0,34,13,3,6,82,1
0,0,36,13,5,28,82,1
0,0,37,13,1,14,82,1
0,0,42,13,0,42,82,0
0,0,45,13,3,33,82,0
0,0,47,13,5,27,82,1
0,1,52,13,5,21,82,0
0,1,53,13,4,4,82,0
0,1,55,13,0,43,82,1
0,1,56,13,4,6,82,0
0,1,58,13,3,6,82,1
0,1,60,13,4,21,82,1
0,1,62,13,0,45,82,1
0,1,65,13,3,43,82,0
0,1,75,13,5,20,82,1
0,1,76,13,1,6,82,1
0,1,78,13,2,9,82,0
0,1,79,13,2,44,82,0
0,1,83,13,4,32,82,0
0,1,86,13,4,49,82,0
0,1,93,13,5,35,82,1
0,1,95,13,4,6,82,0
0,0,4,14,0,27,224,0
0,0,5,14,4,3,224,1
0,0,7,14,0,6,224,1
0,0,9,14,2,43,224,1
0,0,10,14,3,30,224,1
0,0,11,14,2,27,224,0
0,0,12,14,3,36,224,1
0,0,14,14,1,20,224,1
0,0,15,14,4,35,224,0
0,0,18,14,5,28,224,1
0,0,24,14,0,8,224,0
0,0,27,14,5,10,224,0
0,0,29,14,0,28,224,0
0,0,34,14,3,6,224,1
0,0,37,14,1,14,224,1
0,0,39,14,4,13,224,1
0,0,40,14,4,9,224,1
0,0,42,14,0,42,224,1
0,0,47,14,5,27,224,1
0,1,54,14,5,2,224,1
0,1,56,14,4,6,224,1
0,1,57,14,0,20,224,1
0,1,58,14,3,6,224,1
0,1,59,14,4,41,224,1
0,1,64,14,5,6,224,1
0,1,65,14,3,43,224,1
0,1,66,14,1,24,224,1
0,1,72,14,0,5,224,0
0,1,73,14,5,39,224,1
0,1,74,14,3,13,224,1
0,1,75,14,5,20,224,1
0,1,76,14,1,6,224,1
0,1,77,14,1,37,224,1
0,1,78,14,2,9,224,0
0,1,79,14,2,44,224,1
0,1,88,14,3,47,224,1
0,1,90,14,3,0,224,1
0,1,92,14,5,49,224,1
0,0,5,15,4,3,169,1
0,0,6,15,1,40,169,0
0,0,7,15,0,6,169,1
0,0,9,15,2,43,169,1
0,0,11,15,2,27,169,0
0,0,12,15,3,36,169,1
0,0,17,15,4,8,169,0
0,0,19,15,5,8,169,0
0,0,26,15,2,45,169,1
0,0,27,15,5,10,169,1
0,0,29,15,0,28,169,1
0,0,34,15,3,6,169,1
0,0,36,15,5,28,169,0
0,0,39,15,4,13,169,1
0,0,40,15,4,9,169,0
0,0,49,15,3,9,169,1
0,1,50,15,5,49,169,1
0,1,55,15,0,43,169,0
0,1,59,15,4,41,169,1
0,1,60,15,4,21,169,0
0,1,61,15,5,12,169,1
0,1,65,15,3,43,169,0
0,1,66,15,1,24,169,1
0,1,68,15,0,10,169,1
0,1,73,15,5,39,169,1
0,1,75,15,5,20,169,0
0,1,78,15,2,9,169,0
0,1,79,15,2,44,169,1
0,1,80,15,3,40,169,1
0,1,82,15,1,45,169,1
0,1,83,15,4,32,169,1
0,1,86,15,4,49,169,1
0,1,88,15,3,47,169,1
0,1,89,15,3,36,169,0
0,1,94,15,3,12,169,0
0,1,97,15,0,47,169,1
0,1,98,15,2,16,169,0
0,1,99,15,0,23,169,1
0,0,0,16,0,15,96,1
0,0,5,16,4,3,96,1
0,0,8,16,0,46,96,0
0,0,9,16,2,43,96,1
0,0,10,16,3,30,96,1
0,0,11,16,2,27,96,0
0,0,16,16,4,0,96,1
0,0,20,16,5,22,96,1
0,0,22,16,0,15,96,1
0,0,26,16,2,45,96,1
0,0,27,16,5,10,96,1
0,0,33,16,2,26,96,1
0,0,38,16,5,45,96,1
0,0,41,16,0,16,96,1
0,0,44,16,4,32,96,1
0,1,51,16,0,17,96,1
0,1,53,16,4,4,96,0
0,1,54,16,5,2,96,1
0,1,56,16,4,6,96,1
0,1,57,16,0,20,96,0
0,1,60,16,4,21,96,1
0,1,62,16,0,45,96,1
0,1,66,16,1,24,96,0
0,1,67,16,0,5,96,0
0,1,68,16,0,10,96,1
0,1,69,16,1,41,96,1
0,1,72,16,0,5,96,1
0,1,73,16,5,39,96,1
0,1,78,16,2,9,96,1
0,1,79,16,2,44,96,1
0,1,81,16,2,29,96,1
0,1,82,16,1,45,96,1
0,1,84,16,3,5,96,1
0,1,85,16,0,43,96,1
0,1,88,16,3,47,96,1
0,1,89,16,3,36,96,1
0,1,96,16,3,18,96,1
0,1,98,16,2,16,96,0
0,0,1,17,3,36,14,1
0,0,5,17,4,3,14,1
0,0,10,17,3,30,14,1
0,0,11,17,2,27,14,0
0,0,12,17,3,36,14,1
0,0,25,17,5,24,14,1
0,0,27,17,5,10,14,1
0,0,28,17,4,42,14,0
0,0,30,17,4,30,14,1
0,0,31,17,5,19,14,0
0,0,32,17,3,24,14,1
0,0,33,17,2,26,14,1
0,0,36,17,5,28,14,0
0,0,44,17,4,32,14,1
0,0,49,17,3,9,14,1
0,1,50,17,5,49,14,1
0,1,52,17,5,21,14,1
0,1,54,17,5,2,14,0
0,1,55,17,0,43,14,1
0,1,56,17,4,6,14,1
0,1,57,17,0,20,14,1
0,1,58,17,3,6,14,1
0,1,60,17,4,21,14,1
0,1,61,17,5,12,14,1
0,1,62,17,0,45,14,1
0,1,63,17,1,22,14,1
0,1,66,17,1,24,14,1
0,1,67,17,0,5,14,0
0,1,71,17,3,31,14,1
0,1,72,17,0,5,14,0
0,1,73,17,5,39,14,1
0,1,75,17,5,20,14,1
0,1,76,17,1,6,14,1
0,1,81,17,2,29,14,1
0,1,82,17,1,45,14,0
0,1,92,17,5,49,14,1
0,1,93,17,5,35,14,1
0,1,94,17,3,12,14,1
0,0,2,18,5,38,141,0
0,0,10,18,3,30,141,1
0,0,11,18,2,27,141,0
0,0,12,18,3,36,141,1
0,0,15,18,4,35,141,0
0,0,21,18,2,22,141,0
0,0,25,18,5,24,141,1
0,0,27,18,5,10,141,0
0,0,29,18,0,28,141,1
0,0,32,18,3,24,141,1
0,0,36,18,5,28,141,1
0,0,39,18,4,13,141,1
0,0,40,18,4,9,141,1
0,0,41,18,0,16,141,0
0,0,45,18,3,33,141,0
0,0,46,18,5,34,141,1
0,0,48,18,2,33,141,1
0,1,51,18,0,17,141,1
0,1,52,18,5,21,141,0
0,1,53,18,4,4,141,0
0,1,54,18,5,2,141,1
0,1,56,18,4,6,141,1
0,1,57,18,0,20,141,0
0,1,61,18,5,12,141,1
0,1,64,18,5,6,141,1
0,1,66,18,1,24,141,1
0,1,71,18,3,31,141,1
0,1,72,18,0,5,141,0
0,1,76,18,1,6,141,1
0,1,80,18,3,40,141,0
0,1,83,18,4,32,141,1
0,1,84,18,3,5,141,1
0,1,85,18,0,43,141,1
0,1,88,18,3,47,141,1
0,1,89,18,3,36,141,1
0,1,90,18,3,0,141,1
0,1,91,18,4,15,141,1
0,1,95,18,4,6,141,1
0,0,3,19,3,11,71,1
0,0,6,19,1,40,71,0
0,0,7,19,0,6,71,1
0,0,8,19,0,46,71,0
0,0,10,19,3,30,71,1
0,0,16,19,4,0,71,0
0,0,20,19,5,22,71,1
0,0,27,19,5,10,71,0
0,0,29,19,0,28,71,0
0,0,33,19,2,26,71,1
0,0,37,19,1,14,71,1
0,0,38,19,5,45,71,1
0,0,40,19,4,9,71,1
0,0,43,19,4,15,71,1
0,0,44,19,4,32,71,1
0,0,47,19,5,27,71,1
0,0,48,19,2,33,71,1
0,1,52,19,5,21,71,0
0,1,55,19,0,43,71,1
0,1,61,19,5,12,71,1
0,1,63,19,1,22,71,1
0,1,70,19,2,20,71,1
0,1,73,19,5,39,71,1
0,1,74,19,3,13,71,0
0,1,75,19,5,20,71,0
0,1,77,19,1,37,71,1
0,1,79,19,2,44,71,0
0,1,80,19,3,40,71,1
0,1,81,19,2,29,71,1
0,1,84,19,3,5,71,1
0,1,85,19,0,43,71,1
0,1,88,19,3,47,71,1
0,1,90,19,3,0,71,1
0,1,93,19,5,35,71,1
0,1,96,19,3,18,71,1
0,1,97,19,0,47,71,1
0,1,98,19,2,16,71,0
0,1,99,19,0,23,71,1
0,0,0,20,0,15,251,1
0,0,1,20,3,36,251,1
0,0,2,20,5,38,251,1
0,0,3,20,3,11,251,1
0,0,4,20,0,27,251,0
0,0,6,20,1,40,251,1
0,0,22,20,0,15,251,1
0,0,23,20,2,26,251,1
0,0,24,20,0,8,251,0
0,0,25,20,5,24,251,1
0,0,31,20,5,19,251,1
0,0,36,20,5,28,251,0
0,0,38,20,5,45,251,1
0,0,41,20,0,16,251,0
0,0,42,20,0,42,251,0
0,0,44,20,4,32,251,1
0,0,46,20,5,34,251,1
0,1,50,20,5,49,251,1
0,1,52,20,5,21,251,1
0,1,56,20,4,6,251,1
0,1,58,20,3,6,251,1
0,1,59,20,4,41,251,1
0,1,60,20,4,21,251,1
0,1,62,20,0,45,251,1
0,1,66,20,1,24,251,1
0,1,67,20,0,5,251,0
0,1,69,20,1,41,251,1
0,1,70,20,2,20,251,1
0,1,74,20,3,13,251,0
0,1,75,20,5,20,251,1
0,1,76,20,1,6,251,0
0,1,77,20,1,37,251,1
0,1,86,20,4,49,251,1
0,1,87,20,4,20,251,0
0,1,88,20,3,47,251,1
0,1,90,20,3,0,251,1
0,1,97,20,0,47,251,1
0,1,98,20,2,16,251,0
0,0,2,21,5,38,85,1
0,0,3,21,3,11,85,1
0,0,5,21,4,3,85,1
0,0,7,21,0,6,85,1
0,0,10,21,3,30,85,1
0,0,15,21,4,35,85,1
0,0,18,21,5,28,85,0
0,0,19,21,5,8,85,1
0,0,22,21,0,15,85,1
0,0,26,21,2,45,85,1
0,0,27,21,5,10,85,1
0,0,31,21,5,19,85,1
0,0,35,21,3,6,85,1
0,0,36,21,5,28,85,0
0,0,37,21,1,14,85,1
0,0,40,21,4,9,85,1
0,0,41,21,0,16,85,1
0,0,45,21,3,33,85,1
0,0,46,21,5,34,85,1
0,0,48,21,2,33,85,1
0,1,52,21,5,21,85,1
0,1,53,21,4,4,85,1
0,1,54,21,5,2,85,1
0,1,57,21,0,20,85,0
0,1,58,21,3,6,85,1
0,1,61,21,5,12,85,1
0,1,69,21,1,41,85,1
0,1,70,21,2,20,85,1
0,1,71,21,3,31,85,1
0,1,72,21,0,5,85,0
0,1,73,21,5,39,85,1
0,1,74,21,3,13,85,1
0,1,75,21,5,20,85,0
0,1,78,21,2,9,85,0
0,1,84,21,3,5,85,1
0,1,86,21,4,49,85,1
0,1,90,21,3,0,85,1
0,1,98,21,2,16,85,0
0,0,0,22,0,15,155,1
0,0,1,22,3,36,155,1
0,0,2,22,5,38,155,0
0,0,5,22,4,3,155,1
0,0,11,22,2,27,155,1
0,0,13,22,1,30,155,1
0,0,17,22,4,8,155,0
0,0,18,22,5,28,155,0
0,0,22,22,0,15,155,1
0,0,23,22,2,26,155,0
0,0,27,22,5,10,155,0
0,0,29,22,0,28,155,1
0,0,30,22,4,30,155,0
0,0,33,22,2,26,155,1
0,0,36,22,5,28,155,0
0,0,40,22,4,9,155,1
0,0,42,22,0,42,155,0
0,0,43,22,4,15,155,1
0,0,45,22,3,33,155,1
0,1,50,22,5,49,155,1
0,1,51,22,0,17,155,0
0,1,55,22,0,43,155,1
0,1,58,22,3,6,155,1
0,1,62,22,0,45,155,1
0,1,65,22,3,43,155,1
0,1,68,22,0,10,155,1
0,1,69,22,1,41,155,1
0,1,76,22,1,6,155,1
0,1,77,22,1,37,155,1
0,1,79,22,2,44,155,0
0,1,80,22,3,40,155,1
0,1,83,22,4,32,155,1
0,1,85,22,0,43,155,1
0,1,87,22,4,20,155,1
0,1,88,22,3,47,155,1
0,1,89,22,3,36,155,1
0,1,94,22,3,12,155,1
0,1,95,22,4,6,155,1
0,0,3,23,3,11,124,1
0,0,6,23,1,40,124,1
0,0,9,23,2,43,124,1
0,0,10,23,3,30,124,1
0,0,12,23,3,36,124,1
0,0,13,23,1,30,124,1
0,0,16,23,4,0,124,1
0,0,17,23,4,8,124,0
0,0,22,23,0,15,124,1
0,0,24,23,0,8,124,1
0,0,26,23,2,45,124,0
0,0,27,23,5,10,124,1
0,0,28,23,4,42,124,1
0,0,29,23,0,28,124,1
0,0,30,23,4,30,124,1
0,0,37,23,1,14,124,1
0,0,38,23,5,45,124,1
0,0,39,23,4,13,124,1
0,0,41,23,0,16,124,0
0,0,43,23,4,15,124,1
0,0,44,23,4,32,124,1
0,1,58,23,3,6,124,1
0,1,59,23,4,41,124,1
0,1,61,23,5,12,124,1
0,1,63,23,1,22,124,1
0,1,66,23,1,24,124,1
0,1,69,23,1,41,124,1
0,1,70,23,2,20,124,1
0,1,74,23,3,13,124,1
0,1,75,23,5,20,124,0
0,1,77,23,1,37,124,1
0,1,78,23,2,9,124,0
0,1,81,23,2,29,124,1
0,1,85,23,0,43,124,1
0,1,93,23,5,35,124,1
0,1,94,23,3,12,124,1
0,1,96,23,3,18,124,1
0,1,98,23,2,16,124,0
0,0,1,24,3,36,86,1
0,0,2,24,5,38,86,1
0,0,5,24,4,3,86,0
0,0,13,24,1,30,86,1
0,0,14,24,1,20,86,1
0,0,15,24,4,35,86,0
0,0,16,24,4,0,86,0
0,0,19,24,5,8,86,1
0,0,20,24,5,22,86,1
0,0,29,24,0,28,86,1
0,0,30,24,4,30,86,1
0,0,32,24,3,24,86,1
0,0,38,24,5,45,86,0
0,0,41,24,0,16,86,1
0,0,43,24,4,15,86,1
0,0,44,24,4,32,86,0
0,0,45,24,3,33,86,1
0,0,46,24,5,34,86,1
0,1,51,24,0,17,86,1
0,1,55,24,0,43,86,1
0,1,56,24,4,6,86,1
0,1,57,24,0,20,86,1
0,1,60,24,4,21,86,1
0,1,64,24,5,6,86,1
0,1,71,24,3,31,86,1
0,1,72,24,0,5,86,1
0,1,74,24,3,13,86,0
0,1,79,24,2,44,86,1
0,1,82,24,1,45,86,0
0,1,87,24,4,20,86,1
0,1,89,24,3,36,86,1
0,1,91,24,4,15,86,1
0,1,92,24,5,49,86,1
0,1,93,24,5,35,86,1
0,1,95,24,4,6,86,1
0,1,96,24,3,18,86,1
0,1,97,24,0,47,86,1
0,1,99,24,0,23,86,1
0,0,0,25,0,15,106,0
0,0,3,25,3,11,106,1
0,0,7,25,0,6,106,1
0,0,8,25,0,46,106,0
0,0,10,25,3,30,106,0
0,0,13,25,1,30,106,1
0,0,14,25,1,20,106,1
0,0,15,25,4,35,106,0
0,0,16,25,4,0,106,0
0,0,25,25,5,24,106,1
0,0,28,25,4,42,106,0
0,0,37,25,1,14,106,0
0,0,42,25,0,42,106,1
0,0,44,25,4,32,106,0
0,0,45,25,3,33,106,0
0,0,47,25,5,27,106,0
0,0,48,25,2,33,106,0
0,0,49,25,3,9,106,1
0,1,51,25,0,17,106,0
0,1,52,25,5,21,106,1
0,1,58,25,3,6,106,1
0,1,59,25,4,41,106,1
0,1,62,25,0,45,106,1
0,1,63,25,1,22,106,1
0,1,66,25,1,24,106,1
0,1,74,25,3,13,106,1
0,1,75,25,5,20,106,1
0,1,76,25,1,6,106,1
0,1,79,25,2,44,106,0
0,1,81,25,2,29,106,0
0,1,88,25,3,47,106,1
0,1,89,25,3,36,106,1
0,1,92,25,5,49,106,1
0,1,93,25,5,35,106,1
0,1,94,25,3,12,106,1
0,1,96,25,3,18,106,0
0,1,98,25,2,16,106,0
0,1,99,25,0,23,106,1
0,0,0,26,0,15,320,1
0,0,6,26,1,40,320,0
0,0,12,26,3,36,320,1
0,0,16,26,4,0,320,1
0,0,24,26,0,8,320,0
0,0,25,26,5,24,320,1
0,0,29,26,0,28,320,1
0,0,31,26,5,19,320,1
0,0,32,26,3,24,320,1
0,0,33,26,2,26,320,1
0,0,34,26,3,6,320,1
0,0,40,26,4,9,320,0
0,0,41,26,0,16,320,0
0,0,43,26,4,15,320,1
0,0,44,26,4,32,320,1
0,0,46,26,5,34,320,1
0,0,47,26,5,27,320,0
0,1,50,26,5,49,320,1
0,1,51,26,0,17,320,0
0,1,53,26,4,4,320,1
0,1,54,26,5,2,320,1
0,1,58,26,3,6,320,1
0,1,60,26,4,21,320,1
0,1,62,26,0,45,320,0
0,1,64,26,5,6,320,1
0,1,68,26,0,10,320,1
0,1,69,26,1,41,320,1
0,1,71,26,3,31,320,0
0,1,72,26,0,5,320,0
0,1,75,26,5,20,320,1
0,1,78,26,2,9,320,0
0,1,79,26,2,44,320,1
0,1,80,26,3,40,320,1
0,1,81,26,2,29,320,1
0,1,82,26,1,45,320,1
0,1,87,26,4,20,320,0
0,1,94,26,3,12,320,1
0,1,96,26,3,18,320,0
0,0,0,27,0,15,62,1
0,0,3,27,3,11,62,1
0,0,5,27,4,3,62,1
0,0,8,27,0,46,62,0
0,0,14,27,1,20,62,1
0,0,15,27,4,35,62,0
0,0,17,27,4,8,62,0
0,0,19,27,5,8,62,1
0,0,21,27,2,22,62,0
0,0,22,27,0,15,62,0
0,0,24,27,0,8,62,0
0,0,27,27,5,10,62,0
0,0,32,27,3,24,62,1
0,0,33,27,2,26,62,1
0,0,37,27,1,14,62,1
0,0,40,27,4,9,62,0
0,0,41,27,0,16,62,0
0,0,43,27,4,15,62,1
0,0,49,27,3,9,62,1
0,1,50,27,5,49,62,1
0,1,54,27,5,2,62,1
0,1,55,27,0,43,62,0
0,1,56,27,4,6,62,1
0,1,57,27,0,20,62,0
0,1,64,27,5,6,62,0
0,1,65,27,3,43,62,1
0,1,66,27,1,24,62,1
0,1,68,27,0,10,62,1
0,1,71,27,3,31,62,0
0,1,73,27,5,39,62,0
0,1,74,27,3,13,62,1
0,1,76,27,1,6,62,1
0,1,77,27,1,37,62,1
0,1,78,27,2,9,62,1
0,1,82,27,1,45,62,0
0,1,85,27,0,43,62,1
0,1,91,27,4,15,62,1
0,1,98,27,2,16,62,0
0,0,5,28,4,3,103,1
0,0,6,28,1,40,103,1
0,0,7,28,0,6,103,1
0,0,8,28,0,46,103,1
0,0,10,28,3,30,103,1
0,0,11,28,2,27,103,1
0,0,12,28,3,36,103,1
0,0,19,28,5,8,103,1
0,0,27,28,5,10,103,1
0,0,31,28,5,19,103,1
0,0,32,28,3,24,103,1
0,0,33,28,2,26,103,1
0,0,34,28,3,6,103,1
0,0,36,28,5,28,103,0
0,0,40,28,4,9,103,1
0,0,42,28,0,42,103,1
0,0,44,28,4,32,103,1
0,0,48,28,2,33,103,1
0,1,52,28,5,21,103,1
0,1,53,28,4,4,103,0
0,1,58,28,3,6,103,1
0,1,61,28,5,12,103,1
0,1,62,28,0,45,103,1
0,1,63,28,1,22,103,1
0,1,68,28,0,10,103,1
0,1,69,28,1,41,103,1
0,1,72,28,0,5,103,1
0,1,73,28,5,39,103,1
0,1,78,28,2,9,103,1
0,1,82,28,1,45,103,1
0,1,83,28,4,32,103,1
0,1,84,28,3,5,103,0
0,1,88,28,3,47,103,1
0,1,91,28,4,15,103,1
0,1,93,28,5,35,103,1
0,1,95,28,4,6,103,0
0,1,96,28,3,18,103,1
0,1,99,28,0,23,103,1
0,0,6,29,1,40,113,1
0,0,8,29,0,46,113,1
0,0,11,29,2,27,113,1
0,0,12,29,3,36,113,0
0,0,14,29,1,20,113,1
0,0,19,29,5,8,113,1
0,0,20,29,5,22,113,1
0,0,24,29,0,8,113,1
0,0,25,29,5,24,113,1
0,0,28,29,4,42,113,0
0,0,31,29,5,19,113,1
0,0,34,29,3,6,113,1
0,0,35,29,3,6,113,1
0,0,36,29,5,28,113,1
0,0,37,29,1,14,113,1
0,0,38,29,5,45,113,1
0,0,41,29,0,16,113,1
0,0,42,29,0,42,113,1
0,0,44,29,4,32,113,1
0,1,51,29,0,17,113,1
0,1,60,29,4,21,113,1
0,1,61,29,5,12,113,1
0,1,63,29,1,22,113,1
0,1,67,29,0,5,113,0
0,1,69,29,1,41,113,1
0,1,72,29,0,5,113,1
0,1,74,29,3,13,113,1
0,1,75,29,5,20,113,1
0,1,76,29,1,6,113,1
0,1,77,29,1,37,113,1
0,1,80,29,3,40,113,1
0,1,85,29,0,43,113,1
0,1,86,29,4,49,113,1
0,1,87,29,4,20,113,0
0,1,88,29,3,47,113,1
0,1,94,29,3,12,113,1
0,1,95,29,4,6,113,1
0,1,98,29,2,16,113,0
0,0,2,30,5,38,58,0
0,0,3,30,3,11,58,1
0,0,5,30,4,3,58,1
0,0,6,30,1,40,58,1
0,0,7,30,0,6,58,1
0,0,10,30,3,30,58,1
0,0,12,30,3,36,58,1
0,0,14,30,1,20,58,1
0,0,19,30,5,8,58,1
0,0,20,30,5,22,58,1
0,0,21,30,2,22,58,0
0,0,22,30,0,15,58,1
0,0,23,30,2,26,58,1
0,0,25,30,5,24,58,1
0,0,27,30,5,10,58,1
0,0,31,30,5,19,58,1
0,0,37,30,1,14,58,1
0,0,38,30,5,45,58,0
0,0,39,30,4,13,58,1
0,0,42,30,0,42,58,0
0,0,45,30,3,33,58,1
0,0,48,30,2,33,58,1
0,0,49,30,3,9,58,1
0,1,50,30,5,49,58,1
0,1,55,30,0,43,58,0
0,1,56,30,4,6,58,1
0,1,57,30,0,20,58,0
0,1,63,30,1,22,58,0
0,1,66,30,1,24,58,1
0,1,67,30,0,5,58,0
0,1,75,30,5,20,58,1
0,1,76,30,1,6,58,1
0,1,77,30,1,37,58,1
0,1,78,30,2,9,58,0
0,1,84,30,3,5,58,1
0,1,85,30,0,43,58,1
0,1,89,30,3,36,58,1
0,1,99,30,0,23,58,1
0,0,0,31,0,15,24,1
0,0,1,31,3,36,24,0
0,0,5,31,4,3,24,1
0,0,14,31,1,20,24,1
0,0,17,31,4,8,24,1
0,0,20,31,5,22,24,1
0,0,21,31,2,22,24,0
0,0,27,31,5,10,24,1
0,0,28,31,4,42,24,0
0,0,31,31,5,19,24,1
0,0,34,31,3,6,24,1
0,0,35,31,3,6,24,1
0,0,36,31,5,28,24,1
0,0,41,31,0,16,24,1
0,0,43,31,4,15,24,1
0,0,46,31,5,34,24,1
0,1,51,31,0,17,24,0
0,1,53,31,4,4,24,1
0,1,54,31,5,2,24,0
0,1,57,31,0,20,24,1
0,1,59,31,4,41,24,1
0,1,62,31,0,45,24,0
0,1,72,31,0,5,24,1
0,1,75,31,5,20,24,1
0,1,76,31,1,6,24,1
0,1,78,31,2,9,24,0
0,1,79,31,2,44,24,1
0,1,83,31,4,32,24,1
0,1,84,31,3,5,24,1
0,1,87,31,4,20,24,1
0,1,89,31,3,36,24,0
0,1,91,31,4,15,24,1
0,1,92,31,5,49,24,1
0,1,93,31,5,35,24,1
0,1,94,31,3,12,24,1
0,1,95,31,4,6,24,1
0,1,96,31,3,18,24,1
0,1,99,31,0,23,24,1
0,0,9,32,2,43,156,0
0,0,10,32,3,30,156,1
0,0,11,32,2,27,156,0
0,0,13,32,1,30,156,0
0,0,14,32,1,20,156,1
0,0,16,32,4,0,156,0
0,0,20,32,5,22,156,1
0,0,22,32,0,15,156,1
0,0,25,32,5,24,156,0
0,0,26,32,2,45,156,1
0,0,28,32,4,42,156,0
0,0,32,32,3,24,156,1
0,0,34,32,3,6,156,1
0,0,36,32,5,28,156,0
0,0,37,32,1,14,156,1
0,0,39,32,4,13,156,1
0,0,47,32,5,27,156,1
0,1,50,32,5,49,156,1
0,1,53,32,4,4,156,1
0,1,58,32,3,6,156,1
0,1,61,32,5,12,156,1
0,1,64,32,5,6,156,1
0,1,65,32,3,43,156,1
0,1,68,32,0,10,156,1
0,1,69,32,1,41,156,1
0,1,72,32,0,5,156,0
0,1,73,32,5,39,156,1
0,1,74,32,3,13,156,0
0,1,75,32,5,20,156,1
0,1,77,32,1,37,156,1
0,1,78,32,2,9,156,1
0,1,82,32,1,45,156,0
0,1,91,32,4,15,156,1
0,1,92,32,5,49,156,1
0,1,93,32,5,35,156,1
0,1,94,32,3,12,156,1
0,1,95,32,4,6,156,1
0,1,97,32,0,47,156,1
0,0,3,33,3,11,34,1
0,0,6,33,1,40,34,0
0,0,8,33,0,46,34,0
0,0,9,33,2,43,34,1
0,0,14,33,1,20,34,1
0,0,15,33,4,35,34,0
0,0,16,33,4,0,34,0
0,0,17,33,4,8,34,0
0,0,18,33,5,28,34,0
0,0,20,33,5,22,34,1
0,0,22,33,0,15,34,1
0,0,23,33,2,26,34,1
0,0,25,33,5,24,34,1
0,0,29,33,0,28,34,0
0,0,30,33,4,30,34,1
0,0,31,33,5,19,34,1
0,0,36,33,5,28,34,0
0,0,39,33,4,13,34,1
0,0,43,33,4,15,34,1
0,0,44,33,4,32,34,1
0,0,46,33,5,34,34,1
0,0,47,33,5,27,34,1
0,0,49,33,3,9,34,1
0,1,50,33,5,49,34,1
0,1,59,33,4,41,34,0
0,1,65,33,3,43,34,0
0,1,79,33,2,44,34,0
0,1,80,33,3,40,34,0
0,1,81,33,2,29,34,0
0,1,82,33,1,45,34,1
0,1,86,33,4,49,34,1
0,1,88,33,3,47,34,1
0,1,89,33,3,36,34,1
0,1,90,33,3,0,34,1
0,1,94,33,3,12,34,1
0,1,95,33,4,6,34,1
0,1,97,33,0,47,34,0
0,1,99,33,0,23,34,1
0,0,2,34,5,38,135,0
0,0,4,34,0,27,135,0
0,0,5,34,4,3,135,1
0,0,8,34,0,46,135,0
0,0,9,34,2,43,135,1
0,0,10,34,3,30,135,1
0,0,11,34,2,27,135,0
0,0,14,34,1,20,135,1
0,0,15,34,4,35,135,0
0,0,20,34,5,22,135,1
0,0,24,34,0,8,135,1
0,0,27,34,5,10,135,1
0,0,31,34,5,19,135,1
0,0,34,34,3,6,135,1
0,0,35,34,3,6,135,1
0,0,41,34,0,16,135,1
0,0,42,34,0,42,135,0
0,0,44,34,4,32,135,1
0,0,45,34,3,33,135,1
0,0,47,34,5,27,135,1
0,1,55,34,0,43,135,1
0,1,61,34,5,12,135,1
0,1,63,34,1,22,135,1
0,1,64,34,5,6,135,1
0,1,65,34,3,43,135,1
0,1,67,34,0,5,135,0
0,1,69,34,1,41,135,1
0,1,71,34,3,31,135,1
0,1,74,34,3,13,135,0
0,1,75,34,5,20,135,1
0,1,76,34,1,6,135,1
0,1,77,34,1,37,135,1
0,1,80,34,3,40,135,0
0,1,84,34,3,5,135,1
0,1,91,34,4,15,135,1
0,1,93,34,5,35,135,1
0,1,95,34,4,6,135,1
0,1,97,34,0,47,135,1
0,0,7,35,0,6,92,1
0,0,8,35,0,46,92,1
0,0,10,35,3,30,92,1
0,0,17,35,4,8,92,1
0,0,23,35,2,26,92,1
0,0,24,35,0,8,92,1
0,0,28,35,4,42,92,0
0,0,29,35,0,28,92,1
0,0,31,35,5,19,92,1
0,0,34,35,3,6,92,1
0,0,36,35,5,28,92,0
0,0,39,35,4,13,92,1
0,0,44,35,4,32,92,1
0,0,46,35,5,34,92,1
0,0,47,35,5,27,92,0
0,0,48,35,2,33,92,1
0,1,50,35,5,49,92,1
0,1,51,35,0,17,92,1
0,1,53,35,4,4,92,1
0,1,54,35,5,2,92,1
0,1,55,35,0,43,92,0
0,1,56,35,4,6,92,1
0,1,59,35,4,41,92,1
0,1,61,35,5,12,92,1
0,1,64,35,5,6,92,1
0,1,70,35,2,20,92,1
0,1,72,35,0,5,92,1
0,1,75,35,5,20,92,1
0,1,79,35,2,44,92,0
0,1,83,35,4,32,92,1
0,1,84,35,3,5,92,1
0,1,86,35,4,49,92,1
0,1,89,35,3,36,92,1
0,1,91,35,4,15,92,1
0,1,93,35,5,35,92,1
0,1,95,35,4,6,92,1
0,1,96,35,3,18,92,1
0,1,98,35,2,16,92,0
0,0,3,36,3,11,193,1
0,0,7,36,0,6,193,1
0,0,10,36,3,30,193,0
0,0,13,36,1,30,193,1
0,0,18,36,5,28,193,1
0,0,21,36,2,22,193,1
0,0,22,36,0,15,193,0
0,0,23,36,2,26,193,1
0,0,24,36,0,8,193,0
0,0,25,36,5,24,193,1
0,0,26,36,2,45,193,0
0,0,27,36,5,10,193,0
0,0,29,36,0,28,193,1
0,0,34,36,3,6,193,1
0,0,36,36,5,28,193,1
0,0,39,36,4,13,193,1
0,0,43,36,4,15,193,1
0,0,45,36,3,33,193,0
0,0,47,36,5,27,193,1
0,0,48,36,2,33,193,1
0,1,52,36,5,21,193,1
0,1,54,36,5,2,193,1
0,1,55,36,0,43,193,1
0,1,57,36,0,20,193,1
0,1,59,36,4,41,193,1
0,1,60,36,4,21,193,1
0,1,62,36,0,45,193,1
0,1,63,36,1,22,193,1
0,1,64,36,5,6,193,1
0,1,67,36,0,5,193,0
0,1,79,36,2,44,193,1
0,1,80,36,3,40,193,0
0,1,83,36,4,32,193,1
0,1,84,36,3,5,193,1
0,1,87,36,4,20,193,1
0,1,90,36,3,0,193,0
0,1,96,36,3,18,193,1
0,1,97,36,0,47,193,1
0,0,5,37,4,3,313,1
0,0,6,37,1,40,313,0
0,0,7,37,0,6,313,1
0,0,17,37,4,8,313,0
0,0,18,37,5,28,313,0
0,0,19,37,5,8,313,1
0,0,20,37,5,22,313,0
0,0,26,37,2,45,313,0
0,0,28,37,4,42,313,1
0,0,29,37,0,28,313,1
0,0,30,37,4,30,313,1
0,0,36,37,5,28,313,0
0,0,37,37,1,14,313,1
0,0,38,37,5,45,313,0
0,0,39,37,4,13,313,0
0,0,41,37,0,16,313,1
0,0,45,37,3,33,313,0
0,0,47,37,5,27,313,1
0,0,48,37,2,33,313,1
0,0,49,37,3,9,313,1
0,1,55,37,0,43,313,1
0,1,56,37,4,6,313,1
0,1,60,37,4,21,313,1
0,1,64,37,5,6,313,0
0,1,66,37,1,24,313,1
0,1,67,37,0,5,313,0
0,1,69,37,1,41,313,1
0,1,72,37,0,5,313,0
0,1,75,37,5,20,313,1
0,1,78,37,2,9,313,0
0,1,81,37,2,29,313,1
0,1,82,37,1,45,313,1
0,1,89,37,3,36,313,1
0,1,93,37,5,35,313,1
0,1,95,37,4,6,313,1
0,1,97,37,0,47,313,1
0,1,98,37,2,16,313,0
0,1,99,37,0,23,313,1
0,0,1,38,3,36,206,1
0,0,3,38,3,11,206,1
0,0,4,38,0,27,206,0
0,0,6,38,1,40,206,1
0,0,12,38,3,36,206,1
0,0,13,38,1,30,206,1
0,0,15,38,4,35,206,0
0,0,17,38,4,8,206,0
0,0,19,38,5,8,206,0
0,0,20,38,5,22,206,1
0,0,23,38,2,26,206,1
0,0,25,38,5,24,206,1
0,0,26,38,2,45,206,1
0,0,28,38,4,42,206,0
0,0,29,38,0,28,206,1
0,0,31,38,5,19,206,0
0,0,36,38,5,28,206,0
0,0,37,38,1,14,206,1
0,0,39,38,4,13,206,1
0,0,43,38,4,15,206,1
0,0,45,38,3,33,206,1
0,0,48,38,2,33,206,1
0,1,51,38,0,17,206,1
0,1,53,38,4,4,206,0
0,1,55,38,0,43,206,1
0,1,60,38,4,21,206,1
0,1,61,38,5,12,206,1
0,1,62,38,0,45,206,1
0,1,68,38,0,10,206,1
0,1,71,38,3,31,206,1
0,1,73,38,5,39,206,1
0,1,74,38,3,13,206,0
0,1,75,38,5,20,206,0
0,1,76,38,1,6,206,1
0,1,80,38,3,40,206,1
0,1,85,38,0,43,206,1
0,1,88,38,3,47,206,1
0,1,99,38,0,23,206,1
0,0,1,39,3,36,238,1
0,0,6,39,1,40,238,1
0,0,7,39,0,6,238,1
0,0,8,39,0,46,238,0
0,0,11,39,2,27,238,0
0,0,15,39,4,35,238,0
0,0,19,39,5,8,238,1
0,0,20,39,5,22,238,1
0,0,21,39,2,22,238,0
0,0,22,39,0,15,238,1
0,0,23,39,2,26,238,1
0,0,28,39,4,42,238,0
0,0,33,39,2,26,238,1
0,0,38,39,5,45,238,0
0,0,46,39,5,34,238,1
0,0,47,39,5,27,238,1
0,0,49,39,3,9,238,1
0,1,54,39,5,2,238,1
0,1,55,39,0,43,238,1
0,1,56,39,4,6,238,1
0,1,57,39,0,20,238,0
0,1,60,39,4,21,238,1
0,1,64,39,5,6,238,1
0,1,66,39,1,24,238,1
0,1,69,39,1,41,238,1
0,1,74,39,3,13,238,0
0,1,77,39,1,37,238,1
0,1,80,39,3,40,238,1
0,1,83,39,4,32,238,1
0,1,86,39,4,49,238,1
0,1,88,39,3,47,238,0
0,1,89,39,3,36,238,1
0,1,91,39,4,15,238,1
0,1,92,39,5,49,238,1
0,1,93,39,5,35,238,1
0,1,95,39,4,6,238,1
0,1,96,39,3,18,238,1
0,1,98,39,2,16,238,0
0,0,0,40,0,15,263,1
0,0,2,40,5,38,263,0
0,0,4,40,0,27,263,0
0,0,11,40,2,27,263,0
0,0,13,40,1,30,263,0
0,0,14,40,1,20,263,1
0,0,16,40,4,0,263,0
0,0,18,40,5,28,263,0
0,0,20,40,5,22,263,1
0,0,22,40,0,15,263,1
0,0,25,40,5,24,263,1
0,0,27,40,5,10,263,0
0,0,28,40,4,42,263,1
0,0,30,40,4,30,263,0
0,0,32,40,3,24,263,1
0,0,36,40,5,28,263,0
0,0,37,40,1,14,263,1
0,0,42,40,0,42,263,0
0,1,51,40,0,17,263,0
0,1,53,40,4,4,263,0
0,1,55,40,0,43,263,1
0,1,56,40,4,6,263,1
0,1,63,40,1,22,263,1
0,1,69,40,1,41,263,1
0,1,71,40,3,31,263,1
0,1,73,40,5,39,263,1
0,1,75,40,5,20,263,1
0,1,82,40,1,45,263,1
0,1,84,40,3,5,263,1
0,1,85,40,0,43,263,1
0,1,88,40,3,47,263,1
0,1,89,40,3,36,263,1
0,1,90,40,3,0,263,1
0,1,92,40,5,49,263,1
0,1,95,40,4,6,263,1
0,1,96,40,3,18,263,1
0,1,97,40,0,47,263,1
0,1,98,40,2,16,263,0
0,0,2,41,5,38,35,1
0,0,3,41,3,11,35,1
0,0,5,41,4,3,35,0
0,0,10,41,3,30,35,1
0,0,14,41,1,20,35,1
0,0,20,41,5,22,35,1
0,0,22,41,0,15,35,1
0,0,24,41,0,8,35,0
0,0,28,41,4,42,35,0
0,0,32,41,3,24,35,1
0,0,34,41,3,6,35,1
0,0,35,41,3,6,35,1
0,0,36,41,5,28,35,0
0,0,37,41,1,14,35,1
0,0,39,41,4,13,35,1
0,0,40,41,4,9,35,1
0,0,41,41,0,16,35,1
0,0,48,41,2,33,35,1
0,1,50,41,5,49,35,1
0,1,53,41,4,4,35,1
0,1,54,41,5,2,35,1
0,1,56,41,4,6,35,1
0,1,57,41,0,20,35,0
0,1,58,41,3,6,35,0
0,1,64,41,5,6,35,1
0,1,66,41,1,24,35,1
0,1,69,41,1,41,35,1
0,1,76,41,1,6,35,1
0,1,82,41,1,45,35,1
0,1,85,41,0,43,35,1
0,1,86,41,4,49,35,1
0,1,87,41,4,20,35,1
0,1,90,41,3,0,35,1
0,1,91,41,4,15,35,1
0,1,93,41,5,35,35,1
0,1,96,41,3,18,35,1
0,1,97,41,0,47,35,1
0,1,99,41,0,23,35,1
0,0,3,42,3,11,145,1
0,0,4,42,0,27,145,0
0,0,8,42,0,46,145,0
0,0,13,42,1,30,145,1
0,0,14,42,1,20,145,1
0,0,15,42,4,35,145,1
0,0,19,42,5,8,145,1
0,0,20,42,5,22,145,1
0,0,21,42,2,22,145,0
0,0,22,42,0,15,145,1
0,0,23,42,2,26,145,1
0,0,24,42,0,8,145,1
0,0,34,42,3,6,145,1
0,0,35,42,3,6,145,1
0,0,37,42,1,14,145,1
0,0,38,42,5,45,145,1
0,0,39,42,4,13,145,1
0,0,44,42,4,32,145,1
0,0,45,42,3,33,145,0
0,0,47,42,5,27,145,0
0,1,52,42,5,21,145,1
0,1,53,42,4,4,145,0
0,1,56,42,4,6,145,0
0,1,59,42,4,41,145,1
0,1,60,42,4,21,145,0
0,1,62,42,0,45,145,1
0,1,65,42,3,43,145,0
0,1,66,42,1,24,145,1
0,1,69,42,1,41,145,1
0,1,71,42,3,31,145,1
0,1,73,42,5,39,145,1
0,1,77,42,1,37,145,1
0,1,78,42,2,9,145,0
0,1,79,42,2,44,145,1
0,1,85,42,0,43,145,1
0,1,89,42,3,36,145,1
0,1,90,42,3,0,145,0
0,1,98,42,2,16,145,0
0,0,0,43,0,15,77,0
0,0,5,43,4,3,77,1
0,0,10,43,3,30,77,1
0,0,16,43,4,0,77,0
0,0,17,43,4,8,77,0
0,0,18,43,5,28,77,1
0,0,19,43,5,8,77,1
0,0,23,43,2,26,77,1
0,0,24,43,0,8,77,0
0,0,28,43,4,42,77,0
0,0,29,43,0,28,77,1
0,0,34,43,3,6,77,1
0,0,35,43,3,6,77,1
0,0,38,43,5,45,77,0
0,0,40,43,4,9,77,1
0,0,41,43,0,16,77,1
0,0,42,43,0,42,77,0
0,0,46,43,5,34,77,1
0,0,47,43,5,27,77,1
0,0,49,43,3,9,77,1
0,1,56,43,4,6,77,1
0,1,58,43,3,6,77,1
0,1,65,43,3,43,77,0
0,1,68,43,0,10,77,1
0,1,70,43,2,20,77,1
0,1,72,43,0,5,77,1
0,1,74,43,3,13,77,0
0,1,76,43,1,6,77,1
0,1,77,43,1,37,77,1
0,1,78,43,2,9,77,0
0,1,82,43,1,45,77,1
0,1,83,43,4,32,77,1
0,1,85,43,0,43,77,0
0,1,90,43,3,0,77,0
0,1,92,43,5,49,77,1
0,1,93,43,5,35,77,0
0,1,95,43,4,6,77,1
0,1,96,43,3,18,77,1
0,0,1,44,3,36,94,1
0,0,8,44,0,46,94,0
0,0,9,44,2,43,94,1
0,0,12,44,3,36,94,1
0,0,14,44,1,20,94,0
0,0,18,44,5,28,94,0
0,0,21,44,2,22,94,0
0,0,23,44,2,26,94,1
0,0,25,44,5,24,94,1
0,0,26,44,2,45,94,0
0,0,30,44,4,30,94,0
0,0,33,44,2,26,94,1
0,0,34,44,3,6,94,1
0,0,35,44,3,6,94,1
0,0,36,44,5,28,94,0
0,0,37,44,1,14,94,1
0,0,38,44,5,45,94,1
0,0,39,44,4,13,94,1
0,0,40,44,4,9,94,1
0,0,41,44,0,16,94,1
0,0,44,44,4,32,94,1
0,0,45,44,3,33,94,0
0,1,51,44,0,17,94,0
0,1,54,44,5,2,94,1
0,1,58,44,3,6,94,1
0,1,59,44,4,41,94,1
0,1,66,44,1,24,94,0
0,1,68,44,0,10,94,1
0,1,69,44,1,41,94,1
0,1,79,44,2,44,94,0
0,1,88,44,3,47,94,1
0,1,89,44,3,36,94,1
0,1,90,44,3,0,94,1
0,1,91,44,4,15,94,1
0,1,94,44,3,12,94,1
0,1,95,44,4,6,94,1
0,1,96,44,3,18,94,1
0,1,97,44,0,47,94,1
0,0,3,45,3,11,308,1
0,0,4,45,0,27,308,1
0,0,7,45,0,6,308,1
0,0,8,45,0,46,308,1
0,0,11,45,2,27,308,1
0,0,14,45,1,20,308,1
0,0,22,45,0,15,308,1
0,0,23,45,2,26,308,1
0,0,24,45,0,8,308,0
0,0,25,45,5,24,308,1
0,0,28,45,4,42,308,0
0,0,31,45,5,19,308,0
0,0,32,45,3,24,308,1
0,0,33,45,2,26,308,1
0,0,36,45,5,28,308,0
0,0,37,45,1,14,308,1
0,0,38,45,5,45,308,0
0,0,45,45,3,33,308,0
0,1,50,45,5,49,308,1
0,1,51,45,0,17,308,1
0,1,57,45,0,20,308,0
0,1,60,45,4,21,308,0
0,1,65,45,3,43,308,1
0,1,70,45,2,20,308,1
0,1,73,45,5,39,308,1
0,1,74,45,3,13,308,1
0,1,75,45,5,20,308,0
0,1,76,45,1,6,308,1
0,1,78,45,2,9,308,0
0,1,82,45,1,45,308,1
0,1,84,45,3,5,308,1
0,1,86,45,4,49,308,1
0,1,87,45,4,20,308,1
0,1,89,45,3,36,308,1
0,1,90,45,3,0,308,1
0,1,92,45,5,49,308,1
0,1,93,45,5,35,308,1
0,1,94,45,3,12,308,1
0,0,1,46,3,36,4,1
0,0,4,46,0,27,4,0
0,0,5,46,4,3,4,1
0,0,6,46,1,40,4,0
0,0,7,46,0,6,4,1
0,0,8,46,0,46,4,1
0,0,10,46,3,30,4,1
0,0,11,46,2,27,4,0
0,0,13,46,1,30,4,0
0,0,16,46,4,0,4,1
0,0,18,46,5,28,4,1
0,0,19,46,5,8,4,1
0,0,22,46,0,15,4,1
0,0,24,46,0,8,4,1
0,0,26,46,2,45,4,1
0,0,32,46,3,24,4,1
0,0,34,46,3,6,4,1
0,0,39,46,4,13,4,1
0,0,41,46,0,16,4,1
0,0,42,46,0,42,4,1
0,0,43,46,4,15,4,1
0,0,44,46,4,32,4,1
0,0,48,46,2,33,4,1
0,1,54,46,5,2,4,1
0,1,59,46,4,41,4,0
0,1,64,46,5,6,4,1
0,1,68,46,0,10,4,0
0,1,70,46,2,20,4,1
0,1,71,46,3,31,4,0
0,1,76,46,1,6,4,1
0,1,79,46,2,44,4,0
0,1,80,46,3,40,4,1
0,1,81,46,2,29,4,1
0,1,83,46,4,32,4,1
0,1,91,46,4,15,4,1
0,1,97,46,0,47,4,1
0,1,98,46,2,16,4,0
0,1,99,46,0,23,4,1
0,0,4,47,0,27,20,0
0,0,6,47,1,40,20,0
0,0,7,47,0,6,20,1
0,0,12,47,3,36,20,1
0,0,17,47,4,8,20,0
0,0,18,47,5,28,20,0
0,0,19,47,5,8,20,0
0,0,25,47,5,24,20,0
0,0,26,47,2,45,20,0
0,0,27,47,5,10,20,0
0,0,29,47,0,28,20,1
0,0,30,47,4,30,20,0
0,0,31,47,5,19,20,0
0,0,37,47,1,14,20,1
0,0,39,47,4,13,20,0
0,0,43,47,4,15,20,1
0,0,44,47,4,32,20,1
0,0,45,47,3,33,20,1
0,0,46,47,5,34,20,1
0,0,49,47,3,9,20,1
0,1,52,47,5,21,20,0
0,1,53,47,4,4,20,0
0,1,55,47,0,43,20,0
0,1,58,47,3,6,20,1
0,1,60,47,4,21,20,1
0,1,61,47,5,12,20,1
0,1,65,47,3,43,20,1
0,1,67,47,0,5,20,0
0,1,71,47,3,31,20,0
0,1,78,47,2,9,20,0
0,1,79,47,2,44,20,1
0,1,80,47,3,40,20,0
0,1,81,47,2,29,20,0
0,1,84,47,3,5,20,0
0,1,89,47,3,36,20,0
0,1,95,47,4,6,20,0
0,1,97,47,0,47,20,0
0,1,99,47,0,23,20,0
0,0,1,48,3,36,238,0
0,0,10,48,3,30,238,1
0,0,11,48,2,27,238,1
0,0,17,48,4,8,238,0
0,0,18,48,5,28,238,1
0,0,19,48,5,8,238,1
0,0,25,48,5,24,238,1
0,0,27,48,5,10,238,0
0,0,28,48,4,42,238,0
0,0,29,48,0,28,238,1
0,0,30,48,4,30,238,1
0,0,31,48,5,19,238,1
0,0,34,48,3,6,238,1
0,0,37,48,1,14,238,1
0,0,39,48,4,13,238,0
0,0,41,48,0,16,238,1
0,0,44,48,4,32,238,1
0,0,45,48,3,33,238,1
0,0,47,48,5,27,238,1
0,0,49,48,3,9,238,1
0,1,51,48,0,17,238,1
0,1,53,48,4,4,238,1
0,1,57,48,0,20,238,1
0,1,58,48,3,6,238,1
0,1,59,48,4,41,238,1
0,1,61,48,5,12,238,1
0,1,62,48,0,45,238,1
0,1,65,48,3,43,238,1
0,1,66,48,1,24,238,1
0,1,68,48,0,10,238,0
0,1,73,48,5,39,238,1
0,1,74,48,3,13,238,0
0,1,77,48,1,37,238,1
0,1,86,48,4,49,238,1
0,1,90,48,3,0,238,0
0,1,94,48,3,12,238,1
0,1,95,48,4,6,238,0
0,1,98,48,2,16,238,1
0,0,2,49,5,38,35,1
0,0,7,49,0,6,35,1
0,0,8,49,0,46,35,1
0,0,15,49,4,35,35,0
0,0,16,49,4,0,35,0
0,0,18,49,5,28,35,0
0,0,20,49,5,22,35,1
0,0,21,49,2,22,35,0
0,0,22,49,0,15,35,1
0,0,24,49,0,8,35,1
0,0,36,49,5,28,35,1
0,0,38,49,5,45,35,0
0,0,39,49,4,13,35,1
0,0,40,49,4,9,35,0
0,0,42,49,0,42,35,0
0,0,45,49,3,33,35,1
0,0,46,49,5,34,35,0
0,0,47,49,5,27,35,1
0,1,51,49,0,17,35,0
0,1,52,49,5,21,35,1
0,1,55,49,0,43,35,0
0,1,56,49,4,6,35,1
0,1,59,49,4,41,35,1
0,1,65,49,3,43,35,1
0,1,67,49,0,5,35,0
0,1,68,49,0,10,35,1
0,1,71,49,3,31,35,1
0,1,73,49,5,39,35,1
0,1,79,49,2,44,35,1
0,1,82,49,1,45,35,1
0,1,84,49,3,5,35,0
0,1,86,49,4,49,35,1
0,1,87,49,4,20,35,0
0,1,88,49,3,47,35,1
0,1,89,49,3,36,35,1
0,1,92,49,5,49,35,1
0,1,95,49,4,6,35,1
0,1,97,49,0,47,35,1
0,0,1,50,3,36,188,1
0,0,5,50,4,3,188,1
0,0,6,50,1,40,188,0
0,0,11,50,2,27,188,1
0,0,15,50,4,35,188,1
0,0,19,50,5,8,188,1
0,0,20,50,5,22,188,1
0,0,24,50,0,8,188,1
0,0,31,50,5,19,188,1
0,0,32,50,3,24,188,1
0,0,33,50,2,26,188,1
0,0,40,50,4,9,188,1
0,0,42,50,0,42,188,1
0,0,46,50,5,34,188,0
0,0,49,50,3,9,188,1
0,1,50,50,5,49,188,1
0,1,51,50,0,17,188,1
0,1,53,50,4,4,188,0
0,1,57,50,0,20,188,1
0,1,58,50,3,6,188,1
0,1,59,50,4,41,188,1
0,1,62,50,0,45,188,0
0,1,64,50,5,6,188,1
0,1,65,50,3,43,188,1
0,1,66,50,1,24,188,1
0,1,71,50,3,31,188,0
0,1,72,50,0,5,188,1
0,1,73,50,5,39,188,1
0,1,77,50,1,37,188,1
0,1,79,50,2,44,188,0
0,1,80,50,3,40,188,0
0,1,84,50,3,5,188,1
0,1,89,50,3,36,188,1
0,1,94,50,3,12,188,1
0,1,95,50,4,6,188,1
0,1,96,50,3,18,188,1
0,1,97,50,0,47,188,0
0,1,98,50,2,16,188,1
0,0,0,51,0,15,283,1
0,0,1,51,3,36,283,1
0,0,2,51,5,38,283,0
0,0,4,51,0,27,283,0
0,0,8,51,0,46,283,0
0,0,12,51,3,36,283,1
0,0,13,51,1,30,283,1
0,0,14,51,1,20,283,1
0,0,16,51,4,0,283,1
0,0,17,51,4,8,283,1
0,0,22,51,0,15,283,1
0,0,27,51,5,10,283,1
0,0,28,51,4,42,283,1
0,0,30,51,4,30,283,0
0,0,31,51,5,19,283,1
0,0,37,51,1,14,283,1
0,0,39,51,4,13,283,1
0,0,41,51,0,16,283,1
0,0,43,51,4,15,283,1
0,1,51,51,0,17,283,1
0,1,53,51,4,4,283,0
0,1,54,51,5,2,283,1
0,1,55,51,0,43,283,0
0,1,57,51,0,20,283,0
0,1,58,51,3,6,283,1
0,1,63,51,1,22,283,1
0,1,65,51,3,43,283,0
0,1,67,51,0,5,283,0
0,1,68,51,0,10,283,1
0,1,71,51,3,31,283,1
0,1,73,51,5,39,283,1
0,1,74,51,3,13,283,0
0,1,77,51,1,37,283,1
0,1,78,51,2,9,283,0
0,1,84,51,3,5,283,1
0,1,93,51,5,35,283,1
0,1,94,51,3,12,283,1
0,1,97,51,0,47,283,1
0,0,0,52,0,15,279,1
0,0,6,52,1,40,279,0
0,0,8,52,0,46,279,0
0,0,9,52,2,43,279,1
0,0,12,52,3,36,279,1
0,0,14,52,1,20,279,1
0,0,15,52,4,35,279,0
0,0,18,52,5,28,279,0
0,0,19,52,5,8,279,1
0,0,25,52,5,24,279,1
0,0,27,52,5,10,279,0
0,0,28,52,4,42,279,0
0,0,30,52,4,30,279,1
0,0,31,52,5,19,279,1
0,0,33,52,2,26,279,1
0,0,41,52,0,16,279,0
0,0,43,52,4,15,279,1
0,0,47,52,5,27,279,1
0,0,49,52,3,9,279,1
0,1,53,52,4,4,279,1
0,1,58,52,3,6,279,1
0,1,59,52,4,41,279,1
0,1,60,52,4,21,279,1
0,1,62,52,0,45,279,1
0,1,66,52,1,24,279,1
0,1,68,52,0,10,279,1
0,1,72,52,0,5,279,1
0,1,74,52,3,13,279,1
0,1,76,52,1,6,279,0
0,1,77,52,1,37,279,1
0,1,83,52,4,32,279,1
0,1,86,52,4,49,279,1
0,1,88,52,3,47,279,1
0,1,90,52,3,0,279,1
0,1,92,52,5,49,279,1
0,1,94,52,3,12,279,1
0,1,96,52,3,18,279,1
0,1,98,52,2,16,279,1
0,0,0,53,0,15,252,1
0,0,2,53,5,38,252,1
0,0,3,53,3,11,252,1
0,0,4,53,0,27,252,1
0,0,5,53,4,3,252,1
0,0,14,53,1,20,252,1
0,0,17,53,4,8,252,0
0,0,19,53,5,8,252,0
0,0,23,53,2,26,252,0
0,0,25,53,5,24,252,1
0,0,31,53,5,19,252,1
0,0,32,53,3,24,252,1
0,0,36,53,5,28,252,0
0,0,38,53,5,45,252,0
0,0,39,53,4,13,252,0
0,0,44,53,4,32,252,1
0,0,45,53,3,33,252,1
0,0,46,53,5,34,252,1
0,0,47,53,5,27,252,0
0,0,49,53,3,9,252,1
0,1,55,53,0,43,252,0
0,1,57,53,0,20,252,0
0,1,65,53,3,43,252,0
0,1,67,53,0,5,252,0
0,1,71,53,3,31,252,0
0,1,72,53,0,5,252,1
0,1,75,53,5,20,252,1
0,1,77,53,1,37,252,1
0,1,78,53,2,9,252,0
0,1,79,53,2,44,252,1
0,1,81,53,2,29,252,1
0,1,83,53,4,32,252,1
0,1,84,53,3,5,252,0
0,1,85,53,0,43,252,1
0,1,86,53,4,49,252,1
0,1,87,53,4,20,252,1
0,1,92,53,5,49,252,1
0,1,98,53,2,16,252,0
0,0,1,54,3,36,106,1
0,0,4,54,0,27,106,0
0,0,5,54,4,3,106,1
0,0,6,54,1,40,106,0
0,0,11,54,2,27,106,0
0,0,12,54,3,36,106,1
0,0,14,54,1,20,106,1
0,0,17,54,4,8,106,0
0,0,18,54,5,28,106,0
0,0,19,54,5,8,106,1
0,0,22,54,0,15,106,1
0,0,27,54,5,10,106,0
0,0,29,54,0,28,106,1
0,0,39,54,4,13,106,1
0,0,42,54,0,42,106,0
0,0,44,54,4,32,106,0
0,0,46,54,5,34,106,1
0,1,51,54,0,17,106,0
0,1,53,54,4,4,106,0
0,1,56,54,4,6,106,1
0,1,65,54,3,43,106,1
0,1,66,54,1,24,106,0
0,1,68,54,0,10,106,1
0,1,69,54,1,41,106,1
0,1,70,54,2,20,106,1
0,1,72,54,0,5,106,1
0,1,74,54,3,13,106,0
0,1,75,54,5,20,106,1
0,1,77,54,1,37,106,1
0,1,80,54,3,40,106,0
0,1,82,54,1,45,106,0
0,1,84,54,3,5,106,1
0,1,85,54,0,43,106,0
0,1,91,54,4,15,106,1
0,1,93,54,5,35,106,1
0,1,94,54,3,12,106,1
0,1,95,54,4,6,106,1
0,1,98,54,2,16,106,0
0,0,0,55,0,15,265,1
0,0,4,55,0,27,265,0
0,0,5,55,4,3,265,1
0,0,6,55,1,40,265,1
0,0,7,55,0,6,265,1
0,0,8,55,0,46,265,1
0,0,9,55,2,43,265,1
0,0,11,55,2,27,265,0
0,0,12,55,3,36,265,1
0,0,19,55,5,8,265,1
0,0,20,55,5,22,265,1
0,0,27,55,5,10,265,1
0,0,30,55,4,30,265,1
0,0,31,55,5,19,265,1
0,0,37,55,1,14,265,1
0,0,41,55,0,16,265,0
0,0,44,55,4,32,265,1
0,0,45,55,3,33,265,1
0,0,49,55,3,9,265,1
0,1,50,55,5,49,265,1
0,1,51,55,0,17,265,1
0,1,55,55,0,43,265,1
0,1,56,55,4,6,265,1
0,1,60,55,4,21,265,1
0,1,61,55,5,12,265,1
0,1,62,55,0,45,265,1
0,1,64,55,5,6,265,1
0,1,70,55,2,20,265,1
0,1,72,55,0,5,265,1
0,1,74,55,3,13,265,1
0,1,76,55,1,6,265,0
0,1,83,55,4,32,265,1
0,1,86,55,4,49,265,1
0,1,90,55,3,0,265,1
0,1,91,55,4,15,265,1
0,1,96,55,3,18,265,1
0,1,98,55,2,16,265,0
0,1,99,55,0,23,265,1
0,0,1,56,3,36,258,1
0,0,3,56,3,11,258,1
0,0,4,56,0,27,258,0
0,0,5,56,4,3,258,0
0,0,6,56,1,40,258,1
0,0,7,56,0,6,258,0
0,0,13,56,1,30,258,0
0,0,14,56,1,20,258,1
0,0,15,56,4,35,258,0
0,0,16,56,4,0,258,0
0,0,17,56,4,8,258,0
0,0,19,56,5,8,258,1
0,0,22,56,0,15,258,1
0,0,28,56,4,42,258,0
0,0,29,56,0,28,258,1
0,0,33,56,2,26,258,1
0,0,36,56,5,28,258,0
0,0,37,56,1,14,258,1
0,0,40,56,4,9,258,1
0,0,46,56,5,34,258,1
0,0,49,56,3,9,258,1
0,1,50,56,5,49,258,1
0,1,53,56,4,4,258,1
0,1,54,56,5,2,258,0
0,1,58,56,3,6,258,1
0,1,64,56,5,6,258,1
0,1,65,56,3,43,258,1
0,1,66,56,1,24,258,1
0,1,68,56,0,10,258,1
0,1,69,56,1,41,258,1
0,1,73,56,5,39,258,0
0,1,77,56,1,37,258,1
0,1,81,56,2,29,258,1
0,1,84,56,3,5,258,1
0,1,86,56,4,49,258,1
0,1,90,56,3,0,258,1
0,1,91,56,4,15,258,1
0,1,98,56,2,16,258,0
0,0,1,57,3,36,71,1
0,0,2,57,5,38,71,1
0,0,4,57,0,27,71,0
0,0,5,57,4,3,71,1
0,0,8,57,0,46,71,0
0,0,11,57,2,27,71,0
0,0,14,57,1,20,71,1
0,0,17,57,4,8,71,1
0,0,21,57,2,22,71,1
0,0,23,57,2,26,71,1
0,0,25,57,5,24,71,1
0,0,30,57,4,30,71,0
0,0,35,57,3,6,71,1
0,0,37,57,1,14,71,1
0,0,42,57,0,42,71,0
0,1,54,57,5,2,71,0
0,1,60,57,4,21,71,1
0,1,61,57,5,12,71,1
0,1,62,57,0,45,71,0
0,1,63,57,1,22,71,1
0,1,64,57,5,6,71,0
0,1,65,57,3,43,71,1
0,1,66,57,1,24,71,0
0,1,67,57,0,5,71,0
0,1,70,57,2,20,71,0
0,1,71,57,3,31,71,0
0,1,72,57,0,5,71,0
0,1,73,57,5,39,71,1
0,1,75,57,5,20,71,1
0,1,78,57,2,9,71,0
0,1,79,57,2,44,71,0
0,1,84,57,3,5,71,1
0,1,87,57,4,20,71,1
0,1,92,57,5,49,71,0
0,1,94,57,3,12,71,1
0,1,95,57,4,6,71,1
0,1,96,57,3,18,71,1
0,1,98,57,2,16,71,0
0,0,6,58,1,40,81,0
0,0,7,58,0,6,81,1
0,0,8,58,0,46,81,1
0,0,9,58,2,43,81,1
0,0,10,58,3,30,81,0
0,0,16,58,4,0,81,1
0,0,19,58,5,8,81,0
0,0,20,58,5,22,81,1
0,0,21,58,2,22,81,0
0,0,27,58,5,10,81,1
0,0,32,58,3,24,81,1
0,0,33,58,2,26,81,1
0,0,34,58,3,6,81,1
0,0,36,58,5,28,81,0
0,0,38,58,5,45,81,1
0,0,48,58,2,33,81,1
0,0,49,58,3,9,81,1
0,1,50,58,5,49,81,1
0,1,54,58,5,2,81,1
0,1,56,58,4,6,81,1
0,1,60,58,4,21,81,1
0,1,61,58,5,12,81,1
0,1,62,58,0,45,81,0
0,1,65,58,3,43,81,0
0,1,67,58,0,5,81,0
0,1,68,58,0,10,81,1
0,1,71,58,3,31,81,1
0,1,73,58,5,39,81,1
0,1,74,58,3,13,81,1
0,1,85,58,0,43,81,1
0,1,87,58,4,20,81,0
0,1,88,58,3,47,81,1
0,1,89,58,3,36,81,1
0,1,90,58,3,0,81,1
0,1,93,58,5,35,81,1
0,1,95,58,4,6,81,1
0,1,97,58,0,47,81,1
0,1,98,58,2,16,81,0
0,0,0,59,0,15,306,1
0,0,2,59,5,38,306,0
0,0,5,59,4,3,306,1
0,0,6,59,1,40,306,1
0,0,7,59,0,6,306,1
0,0,10,59,3,30,306,1
0,0,12,59,3,36,306,1
0,0,14,59,1,20,306,1
0,0,15,59,4,35,306,1
0,0,26,59,2,45,306,1
0,0,28,59,4,42,306,1
0,0,29,59,0,28,306,1
0,0,30,59,4,30,306,1
0,0,33,59,2,26,306,1
0,0,36,59,5,28,306,1
0,0,37,59,1,14,306,1
0,0,41,59,0,16,306,1
0,0,42,59,0,42,306,1
0,0,47,59,5,27,306,1
0,0,48,59,2,33,306,1
0,1,51,59,0,17,306,1
0,1,52,59,5,21,306,1
0,1,53,59,4,4,306,1
0,1,54,59,5,2,306,1
0,1,55,59,0,43,306,1
0,1,59,59,4,41,306,1
0,1,60,59,4,21,306,1
0,1,67,59,0,5,306,0
0,1,68,59,0,10,306,1
0,1,70,59,2,20,306,1
0,1,71,59,3,31,306,1
0,1,73,59,5,39,306,1
0,1,76,59,1,6,306,1
0,1,79,59,2,44,306,1
0,1,85,59,0,43,306,1
0,1,88,59,3,47,306,1
0,1,91,59,4,15,306,1
0,1,93,59,5,35,306,1
0,0,0,60,0,15,210,0
0,0,4,60,0,27,210,0
0,0,8,60,0,46,210,1
0,0,9,60,2,43,210,1
0,0,11,60,2,27,210,0
0,0,19,60,5,8,210,1
0,0,20,60,5,22,210,0
0,0,21,60,2,22,210,0
0,0,27,60,5,10,210,0
0,0,28,60,4,42,210,0
0,0,31,60,5,19,210,0
0,0,33,60,2,26,210,1
0,0,34,60,3,6,210,1
0,0,35,60,3,6,210,1
0,0,37,60,1,14,210,1
0,0,44,60,4,32,210,1
0,0,48,60,2,33,210,1
0,1,54,60,5,2,210,1
0,1,55,60,0,43,210,1
0,1,56,60,4,6,210,0
0,1,59,60,4,41,210,1
0,1,60,60,4,21,210,1
0,1,61,60,5,12,210,1
0,1,63,60,1,22,210,1
0,1,64,60,5,6,210,0
0,1,66,60,1,24,210,1
0,1,67,60,0,5,210,0
0,1,68,60,0,10,210,1
0,1,72,60,0,5,210,0
0,1,74,60,3,13,210,0
0,1,75,60,5,20,210,1
0,1,77,60,1,37,210,1
0,1,80,60,3,40,210,0
0,1,81,60,2,29,210,0
0,1,89,60,3,36,210,1
0,1,90,60,3,0,210,0
0,1,98,60,2,16,210,1
0,1,99,60,0,23,210,1
0,0,5,61,4,3,210,0
0,0,6,61,1,40,210,0
0,0,7,61,0,6,210,0
0,0,9,61,2,43,210,1
0,0,14,61,1,20,210,0
0,0,16,61,4,0,210,0
0,0,17,61,4,8,210,0
0,0,21,61,2,22,210,0
0,0,22,61,0,15,210,1
0,0,25,61,5,24,210,1
0,0,27,61,5,10,210,0
0,0,28,61,4,42,210,0
0,0,29,61,0,28,210,0
0,0,32,61,3,24,210,1
0,0,34,61,3,6,210,1
0,0,36,61,5,28,210,0
0,0,40,61,4,9,210,1
0,0,43,61,4,15,210,1
0,0,44,61,4,32,210,1
0,0,46,61,5,34,210,0
0,0,47,61,5,27,210,1
0,0,49,61,3,9,210,1
0,1,53,61,4,4,210,0
0,1,57,61,0,20,210,0
0,1,60,61,4,21,210,0
0,1,66,61,1,24,210,0
0,1,68,61,0,10,210,0
0,1,71,61,3,31,210,0
0,1,72,61,0,5,210,0
0,1,74,61,3,13,210,0
0,1,78,61,2,9,210,0
0,1,82,61,1,45,210,0
0,1,84,61,3,5,210,1
0,1,87,61,4,20,210,0
0,1,92,61,5,49,210,1
0,1,94,61,3,12,210,0
0,1,95,61,4,6,210,1
0,1,96,61,3,18,210,0
0,0,0,62,0,15,250,1
0,0,5,62,4,3,250,1
0,0,6,62,1,40,250,0
0,0,9,62,2,43,250,0
0,0,10,62,3,30,250,1
0,0,13,62,1,30,250,0
0,0,17,62,4,8,250,1
0,0,21,62,2,22,250,0
0,0,23,62,2,26,250,1
0,0,27,62,5,10,250,0
0,0,28,62,4,42,250,1
0,0,29,62,0,28,250,1
0,0,30,62,4,30,250,0
0,0,37,62,1,14,250,1
0,0,38,62,5,45,250,0
0,0,41,62,0,16,250,0
0,0,44,62,4,32,250,1
0,0,46,62,5,34,250,0
0,0,47,62,5,27,250,1
0,1,51,62,0,17,250,0
0,1,54,62,5,2,250,0
0,1,57,62,0,20,250,1
0,1,61,62,5,12,250,1
0,1,62,62,0,45,250,1
0,1,65,62,3,43,250,1
0,1,68,62,0,10,250,0
0,1,70,62,2,20,250,1
0,1,73,62,5,39,250,0
0,1,75,62,5,20,250,1
0,1,76,62,1,6,250,1
0,1,82,62,1,45,250,1
0,1,84,62,3,5,250,0
0,1,85,62,0,43,250,1
0,1,86,62,4,49,250,1
0,1,87,62,4,20,250,0
0,1,91,62,4,15,250,1
0,1,92,62,5,49,250,1
0,1,94,62,3,12,250,1
0,0,0,63,0,15,206,1
0,0,3,63,3,11,206,1
0,0,6,63,1,40,206,1
0,0,7,63,0,6,206,0
0,0,13,63,1,30,206,1
0,0,14,63,1,20,206,1
0,0,18,63,5,28,206,1
0,0,21,63,2,22,206,0
0,0,22,63,0,15,206,1
0,0,24,63,0,8,206,0
0,0,27,63,5,10,206,1
0,0,28,63,4,42,206,0
0,0,29,63,0,28,206,1
0,0,31,63,5,19,206,1
0,0,33,63,2,26,206,1
0,0,42,63,0,42,206,1
0,0,43,63,4,15,206,1
0,0,46,63,5,34,206,1
0,0,47,63,5,27,206,1
0,0,48,63,2,33,206,0
0,1,51,63,0,17,206,1
0,1,53,63,4,4,206,1
0,1,56,63,4,6,206,1
0,1,58,63,3,6,206,1
0,1,60,63,4,21,206,1
0,1,61,63,5,12,206,1
0,1,66,63,1,24,206,1
0,1,68,63,0,10,206,1
0,1,69,63,1,41,206,1
0,1,70,63,2,20,206,1
0,1,75,63,5,20,206,0
0,1,79,63,2,44,206,0
0,1,83,63,4,32,206,1
0,1,86,63,4,49,206,1
0,1,88,63,3,47,206,1
0,1,93,63,5,35,206,1
0,1,97,63,0,47,206,1
0,1,99,63,0,23,206,1
0,0,1,64,3,36,247,0
0,0,6,64,1,40,247,0
0,0,7,64,0,6,247,0
0,0,8,64,0,46,247,0
0,0,9,64,2,43,247,1
0,0,10,64,3,30,247,0
0,0,15,64,4,35,247,0
0,0,17,64,4,8,247,0
0,0,18,64,5,28,247,0
0,0,21,64,2,22,247,0
0,0,23,64,2,26,247,1
0,0,26,64,2,45,247,0
0,0,27,64,5,10,247,1
0,0,28,64,4,42,247,0
0,0,29,64,0,28,247,0
0,0,35,64,3,6,247,1
0,0,36,64,5,28,247,0
0,0,39,64,4,13,247,1
0,0,43,64,4,15,247,1
0,0,45,64,3,33,247,0
0,0,49,64,3,9,247,1
0,1,50,64,5,49,247,1
0,1,51,64,0,17,247,1
0,1,55,64,0,43,247,0
0,1,57,64,0,20,247,0
0,1,59,64,4,41,247,1
0,1,60,64,4,21,247,1
0,1,66,64,1,24,247,1
0,1,67,64,0,5,247,0
0,1,69,64,1,41,247,1
0,1,74,64,3,13,247,0
0,1,78,64,2,9,247,0
0,1,80,64,3,40,247,1
0,1,83,64,4,32,247,1
0,1,84,64,3,5,247,1
0,1,89,64,3,36,247,1
0,1,91,64,4,15,247,0
0,1,93,64,5,35,247,0
0,0,3,65,3,11,220,1
0,0,4,65,0,27,220,0
0,0,5,65,4,3,220,1
0,0,7,65,0,6,220,1
0,0,8,65,0,46,220,1
0,0,11,65,2,27,220,0
0,0,18,65,5,28,220,0
0,0,19,65,5,8,220,0
0,0,20,65,5,22,220,1
0,0,22,65,0,15,220,1
0,0,24,65,0,8,220,0
0,0,25,65,5,24,220,1
0,0,27,65,5,10,220,0
0,0,32,65,3,24,220,1
0,0,34,65,3,6,220,1
0,0,38,65,5,45,220,0
0,0,40,65,4,9,220,0
0,0,41,65,0,16,220,0
0,0,47,65,5,27,220,1
0,0,48,65,2,33,220,1
0,1,51,65,0,17,220,1
0,1,52,65,5,21,220,1
0,1,53,65,4,4,220,0
0,1,56,65,4,6,220,0
0,1,57,65,0,20,220,0
0,1,59,65,4,41,220,1
0,1,64,65,5,6,220,0
0,1,66,65,1,24,220,0
0,1,70,65,2,20,220,1
0,1,75,65,5,20,220,0
0,1,81,65,2,29,220,1
0,1,86,65,4,49,220,1
0,1,89,65,3,36,220,0
0,1,93,65,5,35,220,1
0,1,95,65,4,6,220,1
0,1,96,65,3,18,220,1
0,1,97,65,0,47,220,0
0,1,98,65,2,16,220,1
0,0,2,66,5,38,83,1
0,0,8,66,0,46,83,0
0,0,11,66,2,27,83,1
0,0,12,66,3,36,83,1
0,0,15,66,4,35,83,0
0,0,16,66,4,0,83,0
0,0,25,66,5,24,83,1
0,0,26,66,2,45,83,0
0,0,28,66,4,42,83,0
0,0,30,66,4,30,83,0
0,0,34,66,3,6,83,1
0,0,35,66,3,6,83,1
0,0,37,66,1,14,83,1
0,0,39,66,4,13,83,1
0,0,40,66,4,9,83,1
0,0,42,66,0,42,83,0
0,0,46,66,5,34,83,1
0,0,47,66,5,27,83,1
0,1,53,66,4,4,83,1
0,1,56,66,4,6,83,1
0,1,57,66,0,20,83,1
0,1,61,66,5,12,83,1
0,1,62,66,0,45,83,1
0,1,68,66,0,10,83,1
0,1,72,66,0,5,83,0
0,1,73,66,5,39,83,1
0,1,74,66,3,13,83,1
0,1,76,66,1,6,83,1
0,1,78,66,2,9,83,0
0,1,79,66,2,44,83,1
0,1,80,66,3,40,83,1
0,1,90,66,3,0,83,1
0,1,92,66,5,49,83,1
0,1,94,66,3,12,83,1
0,1,95,66,4,6,83,1
0,1,97,66,0,47,83,1
0,1,98,66,2,16,83,0
0,1,99,66,0,23,83,1
0,0,2,67,5,38,18,0
0,0,4,67,0,27,18,1
0,0,6,67,1,40,18,0
0,0,10,67,3,30,18,0
0,0,14,67,1,20,18,1
0,0,18,67,5,28,18,0
0,0,20,67,5,22,18,1
0,0,23,67,2,26,18,1
0,0,26,67,2,45,18,0
0,0,28,67,4,42,18,0
0,0,29,67,0,28,18,1
0,0,32,67,3,24,18,1
0,0,33,67,2,26,18,1
0,0,35,67,3,6,18,1
0,0,36,67,5,28,18,0
0,0,37,67,1,14,18,1
0,0,38,67,5,45,18,1
0,0,40,67,4,9,18,1
0,0,41,67,0,16,18,1
0,0,49,67,3,9,18,1
0,1,50,67,5,49,18,1
0,1,60,67,4,21,18,1
0,1,62,67,0,45,18,1
0,1,64,67,5,6,18,1
0,1,65,67,3,43,18,0
0,1,66,67,1,24,18,1
0,1,67,67,0,5,18,1
0,1,70,67,2,20,18,1
0,1,78,67,2,9,18,1
0,1,79,67,2,44,18,1
0,1,80,67,3,40,18,0
0,1,82,67,1,45,18,0
0,1,85,67,0,43,18,1
0,1,93,67,5,35,18,1
0,1,95,67,4,6,18,1
0,1,97,67,0,47,18,1
0,1,98,67,2,16,18,0
0,1,99,67,0,23,18,1
0,0,1,68,3,36,95,1
0,0,4,68,0,27,95,0
0,0,5,68,4,3,95,1
0,0,6,68,1,40,95,1
0,0,12,68,3,36,95,1
0,0,15,68,4,35,95,1
0,0,18,68,5,28,95,0
0,0,19,68,5,8,95,1
0,0,21,68,2,22,95,0
0,0,25,68,5,24,95,1
0,0,28,68,4,42,95,0
0,0,29,68,0,28,95,1
0,0,33,68,2,26,95,1
0,0,35,68,3,6,95,1
0,0,36,68,5,28,95,0
0,0,37,68,1,14,95,1
0,0,38,68,5,45,95,1
0,0,39,68,4,13,95,1
0,0,44,68,4,32,95,1
0,0,45,68,3,33,95,1
0,0,48,68,2,33,95,1
0,1,51,68,0,17,95,0
0,1,54,68,5,2,95,1
0,1,56,68,4,6,95,1
0,1,57,68,0,20,95,1
0,1,58,68,3,6,95,1
0,1,61,68,5,12,95,1
0,1,63,68,1,22,95,1
0,1,64,68,5,6,95,1
0,1,69,68,1,41,95,1
0,1,80,68,3,40,95,1
0,1,83,68,4,32,95,1
0,1,86,68,4,49,95,1
0,1,88,68,3,47,95,1
0,1,89,68,3,36,95,1
0,1,91,68,4,15,95,1
0,1,96,68,3,18,95,1
0,1,99,68,0,23,95,1
0,0,3,69,3,11,184,1
0,0,4,69,0,27,184,0
0,0,14,69,1,20,184,1
0,0,15,69,4,35,184,1
0,0,17,69,4,8,184,1
0,0,18,69,5,28,184,0
0,0,21,69,2,22,184,0
0,0,22,69,0,15,184,1
0,0,26,69,2,45,184,1
0,0,29,69,0,28,184,1
0,0,33,69,2,26,184,1
0,0,36,69,5,28,184,0
0,0,37,69,1,14,184,1
0,0,38,69,5,45,184,1
0,0,48,69,2,33,184,1
0,0,49,69,3,9,184,1
0,1,51,69,0,17,184,0
0,1,52,69,5,21,184,0
0,1,54,69,5,2,184,1
0,1,55,69,0,43,184,1
0,1,60,69,4,21,184,1
0,1,61,69,5,12,184,1
0,1,62,69,0,45,184,1
0,1,65,69,3,43,184,1
0,1,66,69,1,24,184,1
0,1,67,69,0,5,184,1
0,1,71,69,3,31,184,1
0,1,72,69,0,5,184,1
0,1,75,69,5,20,184,1
0,1,77,69,1,37,184,1
0,1,79,69,2,44,184,0
0,1,81,69,2,29,184,1
0,1,85,69,0,43,184,1
0,1,86,69,4,49,184,1
0,1,90,69,3,0,184,0
0,1,91,69,4,15,184,1
0,1,97,69,0,47,184,1
0,1,99,69,0,23,184,1
0,0,1,70,3,36,6,1
0,0,3,70,3,11,6,1
0,0,5,70,4,3,6,1
0,0,6,70,1,40,6,1
0,0,9,70,2,43,6,1
0,0,10,70,3,30,6,1
0,0,11,70,2,27,6,1
0,0,13,70,1,30,6,1
0,0,15,70,4,35,6,1
0,0,17,70,4,8,6,1
0,0,18,70,5,28,6,0
0,0,24,70,0,8,6,0
0,0,28,70,4,42,6,1
0,0,39,70,4,13,6,1
0,0,41,70,0,16,6,1
0,0,45,70,3,33,6,0
0,0,49,70,3,9,6,1
0,1,50,70,5,49,6,1
0,1,52,70,5,21,6,1
0,1,54,70,5,2,6,1
0,1,56,70,4,6,6,1
0,1,58,70,3,6,6,1
0,1,59,70,4,41,6,1
0,1,62,70,0,45,6,1
0,1,63,70,1,22,6,1
0,1,66,70,1,24,6,1
0,1,68,70,0,10,6,1
0,1,70,70,2,20,6,1
0,1,72,70,0,5,6,0
0,1,77,70,1,37,6,1
0,1,78,70,2,9,6,0
0,1,81,70,2,29,6,1
0,1,87,70,4,20,6,0
0,1,88,70,3,47,6,1
0,1,89,70,3,36,6,1
0,1,92,70,5,49,6,1
0,1,95,70,4,6,6,1
0,1,99,70,0,23,6,1
0,0,1,71,3,36,237,1
0,0,2,71,5,38,237,1
0,0,5,71,4,3,237,1
0,0,7,71,0,6,237,1
0,0,8,71,0,46,237,0
0,0,9,71,2,43,237,1
0,0,11,71,2,27,237,1
0,0,16,71,4,0,237,1
0,0,19,71,5,8,237,1
0,0,21,71,2,22,237,0
0,0,23,71,2,26,237,1
0,0,24,71,0,8,237,0
0,0,26,71,2,45,237,0
0,0,28,71,4,42,237,0
0,0,34,71,3,6,237,1
0,0,39,71,4,13,237,1
0,0,40,71,4,9,237,1
0,0,41,71,0,16,237,0
0,0,47,71,5,27,237,1
0,1,53,71,4,4,237,1
0,1,54,71,5,2,237,1
0,1,55,71,0,43,237,1
0,1,58,71,3,6,237,1
0,1,61,71,5,12,237,1
0,1,64,71,5,6,237,1
0,1,65,71,3,43,237,1
0,1,69,71,1,41,237,1
0,1,71,71,3,31,237,1
0,1,72,71,0,5,237,1
0,1,76,71,1,6,237,1
0,1,78,71,2,9,237,0
0,1,79,71,2,44,237,0
0,1,81,71,2,29,237,1
0,1,82,71,1,45,237,0
0,1,91,71,4,15,237,1
0,1,92,71,5,49,237,1
0,1,94,71,3,12,237,1
0,1,97,71,0,47,237,1
0,0,2,72,5,38,7,0
0,0,11,72,2,27,7,1
0,0,12,72,3,36,7,1
0,0,15,72,4,35,7,1
0,0,16,72,4,0,7,1
0,0,17,72,4,8,7,1
0,0,18,72,5,28,7,0
0,0,21,72,2,22,7,0
0,0,24,72,0,8,7,0
0,0,31,72,5,19,7,1
0,0,33,72,2,26,7,1
0,0,34,72,3,6,7,1
0,0,36,72,5,28,7,1
0,0,38,72,5,45,7,0
0,0,40,72,4,9,7,1
0,0,41,72,0,16,7,1
0,0,42,72,0,42,7,1
0,0,43,72,4,15,7,1
0,0,45,72,3,33,7,0
0,0,48,72,2,33,7,1
0,0,49,72,3,9,7,1
0,1,54,72,5,2,7,1
0,1,59,72,4,41,7,1
0,1,66,72,1,24,7,0
0,1,67,72,0,5,7,0
0,1,70,72,2,20,7,1
0,1,72,72,0,5,7,0
0,1,77,72,1,37,7,1
0,1,78,72,2,9,7,1
0,1,81,72,2,29,7,1
0,1,82,72,1,45,7,1
0,1,87,72,4,20,7,0
0,1,88,72,3,47,7,1
0,1,91,72,4,15,7,1
0,1,92,72,5,49,7,1
0,1,94,72,3,12,7,1
0,1,96,72,3,18,7,1
0,1,97,72,0,47,7,1
0,0,3,73,3,11,129,1
0,0,4,73,0,27,129,0
0,0,6,73,1,40,129,1
0,0,13,73,1,30,129,1
0,0,15,73,4,35,129,0
0,0,19,73,5,8,129,1
0,0,24,73,0,8,129,0
0,0,25,73,5,24,129,1
0,0,28,73,4,42,129,0
0,0,33,73,2,26,129,1
0,0,40,73,4,9,129,1
0,0,41,73,0,16,129,1
0,0,42,73,0,42,129,1
0,0,44,73,4,32,129,1
0,0,45,73,3,33,129,1
0,0,49,73,3,9,129,1
0,1,51,73,0,17,129,1
0,1,53,73,4,4,129,0
0,1,56,73,4,6,129,1
0,1,57,73,0,20,129,1
0,1,61,73,5,12,129,1
0,1,65,73,3,43,129,1
0,1,68,73,0,10,129,0
0,1,70,73,2,20,129,1
0,1,71,73,3,31,129,1
0,1,74,73,3,13,129,1
0,1,76,73,1,6,129,1
0,1,77,73,1,37,129,1
0,1,83,73,4,32,129,1
0,1,84,73,3,5,129,0
0,1,85,73,0,43,129,1
0,1,87,73,4,20,129,1
0,1,89,73,3,36,129,1
0,1,91,73,4,15,129,1
0,1,93,73,5,35,129,1
0,1,94,73,3,12,129,1
0,1,97,73,0,47,129,1
0,1,98,73,2,16,129,1
0,0,0,74,0,15,23,1
0,0,2,74,5,38,23,0
0,0,3,74,3,11,23,1
0,0,5,74,4,3,23,1
0,0,7,74,0,6,23,0
0,0,11,74,2,27,23,0
0,0,12,74,3,36,23,1
0,0,17,74,4,8,23,0
0,0,19,74,5,8,23,1
0,0,25,74,5,24,23,1
0,0,26,74,2,45,23,0
0,0,29,74,0,28,23,1
0,0,34,74,3,6,23,1
0,0,35,74,3,6,23,1
0,0,36,74,5,28,23,0
0,0,38,74,5,45,23,1
0,0,42,74,0,42,23,0
0,0,43,74,4,15,23,1
0,0,48,74,2,33,23,1
0,1,50,74,5,49,23,1
0,1,51,74,0,17,23,1
0,1,52,74,5,21,23,0
0,1,55,74,0,43,23,1
0,1,58,74,3,6,23,1
0,1,65,74,3,43,23,0
0,1,66,74,1,24,23,1
0,1,69,74,1,41,23,1
0,1,73,74,5,39,23,1
0,1,78,74,2,9,23,0
0,1,79,74,2,44,23,1
0,1,81,74,2,29,23,1
0,1,83,74,4,32,23,1
0,1,86,74,4,49,23,1
0,1,88,74,3,47,23,1
0,1,91,74,4,15,23,1
0,1,93,74,5,35,23,1
0,1,97,74,0,47,23,1
0,1,99,74,0,23,23,1
0,0,0,75,0,15,124,1
0,0,1,75,3,36,124,1
0,0,2,75,5,38,124,0
0,0,8,75,0,46,124,1
0,0,11,75,2,27,124,1
0,0,13,75,1,30,124,1
0,0,15,75,4,35,124,1
0,0,16,75,4,0,124,0
0,0,20,75,5,22,124,1
0,0,25,75,5,24,124,1
0,0,28,75,4,42,124,0
0,0,30,75,4,30,124,0
0,0,32,75,3,24,124,1
0,0,37,75,1,14,124,1
0,0,40,75,4,9,124,1
0,0,45,75,3,33,124,0
0,0,47,75,5,27,124,1
0,0,48,75,2,33,124,1
0,0,49,75,3,9,124,1
0,1,54,75,5,2,124,1
0,1,56,75,4,6,124,1
0,1,58,75,3,6,124,1
0,1,60,75,4,21,124,1
0,1,62,75,0,45,124,1
0,1,67,75,0,5,124,1
0,1,74,75,3,13,124,1
0,1,78,75,2,9,124,0
0,1,81,75,2,29,124,1
0,1,83,75,4,32,124,1
0,1,88,75,3,47,124,1
0,1,89,75,3,36,124,1
0,1,90,75,3,0,124,1
0,1,91,75,4,15,124,1
0,1,92,75,5,49,124,1
0,1,93,75,5,35,124,0
0,1,94,75,3,12,124,1
0,1,95,75,4,6,124,1
0,1,99,75,0,23,124,1
0,0,2,76,5,38,157,1
0,0,9,76,2,43,157,0
0,0,10,76,3,30,157,1
0,0,11,76,2,27,157,1
0,0,13,76,1,30,157,1
0,0,19,76,5,8,157,1
0,0,20,76,5,22,157,1
0,0,21,76,2,22,157,0
0,0,22,76,0,15,157,0
0,0,23,76,2,26,157,1
0,0,25,76,5,24,157,0
0,0,26,76,2,45,157,1
0,0,32,76,3,24,157,1
0,0,33,76,2,26,157,1
0,0,34,76,3,6,157,1
0,0,36,76,5,28,157,1
0,0,38,76,5,45,157,0
0,0,39,76,4,13,157,1
0,0,43,76,4,15,157,1
0,0,44,76,4,32,157,1
0,0,45,76,3,33,157,0
0,0,49,76,3,9,157,1
0,1,52,76,5,21,157,1
0,1,53,76,4,4,157,1
0,1,56,76,4,6,157,1
0,1,58,76,3,6,157,1
0,1,62,76,0,45,157,1
0,1,65,76,3,43,157,1
0,1,76,76,1,6,157,1
0,1,83,76,4,32,157,1
0,1,85,76,0,43,157,1
0,1,86,76,4,49,157,1
0,1,88,76,3,47,157,1
0,1,89,76,3,36,157,0
0,1,90,76,3,0,157,1
0,1,92,76,5,49,157,1
0,1,94,76,3,12,157,1
0,1,95,76,4,6,157,1
0,0,4,77,0,27,197,0
0,0,5,77,4,3,197,1
0,0,11,77,2,27,197,0
0,0,15,77,4,35,197,0
0,0,25,77,5,24,197,1
0,0,27,77,5,10,197,1
0,0,30,77,4,30,197,0
0,0,33,77,2,26,197,1
0,0,34,77,3,6,197,1
0,0,35,77,3,6,197,1
0,0,37,77,1,14,197,1
0,0,38,77,5,45,197,0
0,0,39,77,4,13,197,0
0,0,43,77,4,15,197,1
0,0,44,77,4,32,197,0
0,0,45,77,3,33,197,0
0,1,53,77,4,4,197,0
0,1,54,77,5,2,197,0
0,1,55,77,0,43,197,0
0,1,56,77,4,6,197,1
0,1,57,77,0,20,197,0
0,1,61,77,5,12,197,1
0,1,62,77,0,45,197,1
0,1,65,77,3,43,197,0
0,1,74,77,3,13,197,0
0,1,75,77,5,20,197,1
0,1,79,77,2,44,197,0
0,1,80,77,3,40,197,1
0,1,81,77,2,29,197,1
0,1,84,77,3,5,197,1
0,1,86,77,4,49,197,1
0,1,87,77,4,20,197,1
0,1,89,77,3,36,197,1
0,1,91,77,4,15,197,1
0,1,93,77,5,35,197,1
0,1,95,77,4,6,197,0
0,1,96,77,3,18,197,1
0,1,98,77,2,16,197,0
0,0,0,78,0,15,272,1
0,0,1,78,3,36,272,1
0,0,10,78,3,30,272,1
0,0,11,78,2,27,272,1
0,0,13,78,1,30,272,1
0,0,15,78,4,35,272,0
0,0,16,78,4,0,272,1
0,0,17,78,4,8,272,0
0,0,18,78,5,28,272,0
0,0,19,78,5,8,272,1
0,0,21,78,2,22,272,0
0,0,22,78,0,15,272,1
0,0,23,78,2,26,272,1
0,0,25,78,5,24,272,1
0,0,28,78,4,42,272,0
0,0,29,78,0,28,272,1
0,0,30,78,4,30,272,0
0,0,34,78,3,6,272,1
0,0,39,78,4,13,272,0
0,0,40,78,4,9,272,1
0,0,41,78,0,16,272,1
0,0,43,78,4,15,272,1
0,0,46,78,5,34,272,1
0,1,57,78,0,20,272,1
0,1,60,78,4,21,272,1
0,1,68,78,0,10,272,1
0,1,70,78,2,20,272,0
0,1,71,78,3,31,272,1
0,1,72,78,0,5,272,1
0,1,77,78,1,37,272,1
0,1,80,78,3,40,272,1
0,1,84,78,3,5,272,1
0,1,88,78,3,47,272,1
0,1,89,78,3,36,272,0
0,1,90,78,3,0,272,1
0,1,95,78,4,6,272,1
0,1,96,78,3,18,272,1
0,1,98,78,2,16,272,1
0,0,1,79,3,36,86,1
0,0,7,79,0,6,86,1
0,0,8,79,0,46,86,1
0,0,12,79,3,36,86,1
0,0,14,79,1,20,86,1
0,0,15,79,4,35,86,1
0,0,19,79,5,8,86,1
0,0,20,79,5,22,86,1
0,0,22,79,0,15,86,1
0,0,23,79,2,26,86,1
0,0,25,79,5,24,86,1
0,0,31,79,5,19,86,1
0,0,33,79,2,26,86,1
0,0,34,79,3,6,86,1
0,0,37,79,1,14,86,1
0,0,38,79,5,45,86,0
0,0,40,79,4,9,86,1
0,0,42,79,0,42,86,0
0,0,49,79,3,9,86,1
0,1,56,79,4,6,86,1
0,1,57,79,0,20,86,0
0,1,58,79,3,6,86,1
0,1,59,79,4,41,86,1
0,1,61,79,5,12,86,1
0,1,63,79,1,22,86,1
0,1,66,79,1,24,86,1
0,1,70,79,2,20,86,1
0,1,71,79,3,31,86,1
0,1,78,79,2,9,86,1
0,1,80,79,3,40,86,1
0,1,82,79,1,45,86,1
0,1,84,79,3,5,86,1
0,1,85,79,0,43,86,1
0,1,87,79,4,20,86,1
0,1,91,79,4,15,86,1
0,1,94,79,3,12,86,1
0,1,96,79,3,18,86,1
0,1,99,79,0,23,86,1
